<svg version="1.1" id="Layer_1" xmlns="http://www.w3.org/2000/svg" xmlns:xlink="http://www.w3.org/1999/xlink" x="0px" y="0px"
	 width="100%" viewBox="0 0 200 200" enable-background="new 0 0 200 200" xml:space="preserve">
<path fill="#FFFFFF" opacity="1.000000" stroke="none" 
	d="
M116.000000,201.000000 
	C77.357201,201.000000 39.214397,201.000000 1.035799,201.000000 
	C1.035799,134.398911 1.035799,67.797783 1.035799,1.098330 
	C67.559296,1.098330 134.118790,1.098330 200.839142,1.098330 
	C200.839142,67.666351 200.839142,134.333145 200.839142,201.000000 
	C172.798065,201.000000 144.649033,201.000000 116.000000,201.000000 
M77.989616,41.982224 
	C77.989616,41.982224 77.989166,41.909565 77.364960,41.913464 
	C76.883095,42.256817 76.401222,42.600174 75.990959,42.970234 
	C75.990959,42.970234 75.981300,42.894432 75.353355,42.877728 
	C74.873283,43.231182 74.393211,43.584637 73.986366,43.963871 
	C73.986366,43.963871 73.982697,43.886333 73.325233,43.850765 
	C72.579132,44.248207 71.833031,44.645649 71.031410,45.021133 
	C71.031410,45.021133 71.042824,45.079803 70.362724,45.222744 
	C60.035233,51.367729 51.655422,59.310501 46.437374,70.938087 
	C46.314209,71.290199 46.191040,71.642303 45.833733,72.374344 
	C45.833733,72.374344 45.742664,72.811234 45.201450,73.291473 
	C43.838943,78.195068 42.476437,83.098663 40.885052,88.794846 
	C35.732307,121.936279 58.852516,152.521240 92.828239,157.508759 
	C130.625763,163.057327 165.622665,129.248169 160.797134,91.427040 
	C160.588989,90.650543 160.380844,89.874039 160.223938,88.327049 
	C160.057297,87.579697 159.890656,86.832352 159.823730,85.300995 
	C157.907974,80.342064 155.992218,75.383133 154.162552,69.741982 
	C148.840027,58.814667 140.793564,50.539669 129.591110,44.393433 
	C120.961502,39.681099 111.901772,36.876377 101.909439,37.934853 
	C97.922348,38.357201 93.911804,38.558067 89.178978,38.951080 
	C87.780060,39.338844 86.381142,39.726608 84.413879,39.930752 
	C82.945427,40.297508 81.476967,40.664261 79.402618,41.029888 
	C78.909477,41.337509 78.416344,41.645126 77.989616,41.982224 
z"/>
<path fill="#C88037" opacity="1.000000" stroke="none" 
	d="
M160.624466,92.013481 
	C165.622665,129.248169 130.625763,163.057327 92.828239,157.508759 
	C58.852516,152.521240 35.732307,121.936279 41.384048,88.499985 
	C42.254032,89.556175 42.901436,90.896370 42.954979,92.259895 
	C43.920856,116.857727 55.447178,135.219711 76.717033,146.948898 
	C90.905762,154.773239 105.977234,154.408218 121.186371,148.648575 
	C130.918640,144.962997 138.292130,138.345398 144.496521,130.685043 
	C151.829636,121.631111 157.424011,111.376816 157.383484,98.935562 
	C158.709610,96.573166 159.667038,94.293320 160.624466,92.013481 
z"/>
<path fill="#DB9637" opacity="1.000000" stroke="none" 
	d="
M157.014801,99.018105 
	C157.424011,111.376816 151.829636,121.631111 144.496521,130.685043 
	C138.292130,138.345398 130.918640,144.962997 121.186371,148.648575 
	C105.977234,154.408218 90.905762,154.773239 76.717033,146.948898 
	C55.447178,135.219711 43.920856,116.857727 42.954979,92.259895 
	C42.901436,90.896370 42.254032,89.556175 41.498489,88.103683 
	C42.476437,83.098663 43.838943,78.195068 45.780289,73.284378 
	C45.985580,75.774803 45.242470,78.287376 45.343449,80.765556 
	C45.442482,83.195938 46.400139,85.591316 46.984001,88.418213 
	C46.985722,90.221848 46.984398,91.609329 46.698475,93.274155 
	C46.926666,97.235504 47.107883,101.002678 48.007557,104.589638 
	C52.842113,123.864861 64.777771,137.263977 83.134117,144.342972 
	C92.037262,147.776398 101.442894,149.078110 111.324844,146.583328 
	C121.497612,144.015106 129.972275,139.285095 137.498550,132.133835 
	C147.928726,122.223366 153.976776,110.365486 155.373383,96.050980 
	C156.149246,97.077614 156.582016,98.047859 157.014801,99.018105 
z"/>
<path fill="#EEA146" opacity="1.000000" stroke="none" 
	d="
M46.980961,88.002060 
	C46.400139,85.591316 45.442482,83.195938 45.343449,80.765556 
	C45.242470,78.287376 45.985580,75.774803 46.050896,73.044258 
	C45.742664,72.811234 45.833733,72.374344 46.178520,72.017838 
	C46.656025,71.313736 46.788742,70.966125 46.921455,70.618523 
	C51.655422,59.310501 60.035233,51.367729 70.690620,45.516731 
	C70.386055,46.868820 69.925911,48.093929 69.090782,48.955601 
	C65.789177,52.362099 62.370037,55.654686 58.673004,59.033287 
	C57.904385,59.723186 57.457256,60.369308 57.005203,61.258354 
	C57.000282,61.501278 56.991024,61.987133 56.637714,62.027420 
	C52.073578,65.012123 48.852386,72.729576 50.021423,77.396576 
	C49.995190,78.511780 49.988678,79.255936 49.701729,80.262741 
	C49.272820,82.347923 49.124352,84.170479 48.734379,86.162697 
	C48.327068,86.886185 48.161263,87.440002 47.741829,87.995346 
	C47.319122,87.998604 47.150040,88.000328 46.980961,88.002060 
z"/>
<path fill="#EDA143" opacity="1.000000" stroke="none" 
	d="
M130.006226,44.933506 
	C140.793564,50.539669 148.840027,58.814667 154.105545,70.542419 
	C154.630615,74.174568 155.623581,76.999847 155.668030,79.839981 
	C155.705276,82.220161 154.635208,84.617676 153.795547,87.002319 
	C153.362839,86.995621 153.190002,86.994110 153.012985,86.641907 
	C152.668945,85.192924 152.329086,84.094643 151.992523,82.593979 
	C151.667816,80.127113 151.339783,78.062614 151.263214,75.776573 
	C150.797668,71.455635 150.955902,66.901146 146.014481,64.626373 
	C143.256546,57.406387 138.188629,52.689018 131.661499,48.973289 
	C130.875397,48.294853 130.405090,47.667667 129.952576,46.689598 
	C129.982330,45.870312 129.994278,45.401909 130.006226,44.933506 
z"/>
<path fill="#F6C548" opacity="1.000000" stroke="none" 
	d="
M58.994492,58.989521 
	C62.370037,55.654686 65.789177,52.362099 69.090782,48.955601 
	C69.925911,48.093929 70.386055,46.868820 71.030670,45.445259 
	C71.042824,45.079803 71.031410,45.021133 71.396774,45.017097 
	C72.502319,44.637486 73.242508,44.261909 73.982697,43.886330 
	C73.982697,43.886333 73.986366,43.963871 74.266685,43.949997 
	C75.025108,43.588898 75.503204,43.241669 75.981300,42.894432 
	C75.981300,42.894432 75.990959,42.970234 76.270638,42.955475 
	C77.029930,42.597000 77.509552,42.253281 77.989166,41.909565 
	C77.989166,41.909565 77.989616,41.982224 78.303909,41.984360 
	C79.081917,41.994823 79.545624,42.003147 80.360611,42.008469 
	C82.135323,41.375103 83.558777,40.744740 84.982224,40.114372 
	C86.381142,39.726608 87.780060,39.338844 89.782639,39.134857 
	C92.277260,39.230556 94.168221,39.142475 95.961266,39.422470 
	C94.704247,40.199524 93.522972,40.555222 92.389877,41.026695 
	C87.461517,43.077354 81.008087,41.954620 77.743225,48.179420 
	C75.631233,49.551552 73.741669,50.682152 71.572563,51.958458 
	C70.147415,53.002552 69.001801,53.900936 67.530586,54.887444 
	C66.037292,56.280685 64.869606,57.585804 63.437866,58.929417 
	C62.777157,59.305775 62.380501,59.643639 61.699081,60.122406 
	C60.580372,61.473663 59.746426,62.684021 58.664806,64.019424 
	C57.951115,64.439545 57.485096,64.734619 57.011993,64.649574 
	C57.000278,63.508675 56.995651,62.747906 56.991024,61.987133 
	C56.991024,61.987133 57.000282,61.501278 57.325607,61.212414 
	C58.098785,60.278873 58.546638,59.634197 58.994492,58.989521 
z"/>
<path fill="#DE903D" opacity="1.000000" stroke="none" 
	d="
M154.055420,87.007507 
	C154.635208,84.617676 155.705276,82.220161 155.668030,79.839981 
	C155.623581,76.999847 154.630615,74.174568 154.062500,70.883530 
	C155.992218,75.383133 157.907974,80.342064 159.574112,85.920609 
	C159.607239,87.392654 159.889969,88.245094 160.172699,89.097542 
	C160.380844,89.874039 160.588989,90.650543 160.710800,91.720261 
	C159.667038,94.293320 158.709610,96.573166 157.383484,98.935562 
	C156.582016,98.047859 156.149246,97.077614 155.365540,95.718399 
	C155.009323,94.885750 155.004059,94.442062 154.999084,93.661018 
	C154.675858,92.545448 154.352356,91.767242 154.026123,90.591095 
	C154.034058,89.131271 154.044739,88.069389 154.055420,87.007507 
z"/>
<path fill="#F1B050" opacity="1.000000" stroke="none" 
	d="
M96.059181,39.054390 
	C94.168221,39.142475 92.277260,39.230556 90.149117,39.089195 
	C93.911804,38.558067 97.922348,38.357201 101.909439,37.934853 
	C111.901772,36.876377 120.961502,39.681099 129.798676,44.663467 
	C129.994278,45.401909 129.982330,45.870312 129.580811,46.673870 
	C126.124115,46.007610 123.056969,45.006195 119.823257,43.762672 
	C119.106186,43.350296 118.555679,43.180035 117.939751,42.643070 
	C113.563248,41.201595 109.252167,40.126827 104.495934,39.046261 
	C101.386917,39.045109 98.723053,39.049751 96.059181,39.054390 
z"/>
<path fill="#F0AC4B" opacity="1.000000" stroke="none" 
	d="
M84.698051,40.022560 
	C83.558777,40.744740 82.135323,41.375103 80.358383,41.763283 
	C80.004898,41.521091 80.008514,41.031017 80.008514,41.031017 
	C81.476967,40.664261 82.945427,40.297508 84.698051,40.022560 
z"/>
<path fill="#EEA146" opacity="1.000000" stroke="none" 
	d="
M73.653961,43.868546 
	C73.242508,44.261909 72.502319,44.637486 71.424530,45.028076 
	C71.833031,44.645649 72.579132,44.248207 73.653961,43.868546 
z"/>
<path fill="#C88037" opacity="1.000000" stroke="none" 
	d="
M160.198318,88.712296 
	C159.889969,88.245094 159.607239,87.392654 159.524261,86.312607 
	C159.890656,86.832352 160.057297,87.579697 160.198318,88.712296 
z"/>
<path fill="#EEA146" opacity="1.000000" stroke="none" 
	d="
M75.667328,42.886082 
	C75.503204,43.241669 75.025108,43.588898 74.230072,43.937111 
	C74.393211,43.584637 74.873283,43.231182 75.667328,42.886082 
z"/>
<path fill="#EEA146" opacity="1.000000" stroke="none" 
	d="
M77.677063,41.911514 
	C77.509552,42.253281 77.029930,42.597000 76.234833,42.942123 
	C76.401222,42.600174 76.883095,42.256817 77.677063,41.911514 
z"/>
<path fill="#EEA146" opacity="1.000000" stroke="none" 
	d="
M79.705566,41.030453 
	C80.008514,41.031017 80.004898,41.521091 80.007118,41.766281 
	C79.545624,42.003147 79.081917,41.994823 78.270706,41.969624 
	C78.416344,41.645126 78.909477,41.337509 79.705566,41.030453 
z"/>
<path fill="#DB9637" opacity="1.000000" stroke="none" 
	d="
M46.679413,70.778305 
	C46.788742,70.966125 46.656025,71.313736 46.295593,71.827881 
	C46.191040,71.642303 46.314209,71.290199 46.679413,70.778305 
z"/>
<path fill="#EFAF42" opacity="1.000000" stroke="none" 
	d="
M154.028839,90.989037 
	C154.352356,91.767242 154.675858,92.545448 154.623169,93.738602 
	C153.860931,94.643677 153.213943,95.091583 153.126831,95.630058 
	C150.624481,111.098228 144.457672,123.986702 130.721848,133.119080 
	C119.183197,140.790634 107.367989,145.615723 93.509636,142.950851 
	C74.213333,139.240295 59.623032,129.082718 52.078396,110.416107 
	C49.822605,104.834938 48.651260,98.815468 46.983074,92.996803 
	C46.984398,91.609329 46.985722,90.221848 46.984001,88.418213 
	C47.150040,88.000328 47.319122,87.998604 47.896172,88.347626 
	C50.202995,95.798706 52.101852,102.899025 54.026302,110.320610 
	C54.701160,111.427818 55.350430,112.213753 55.999847,112.999847 
	C56.000000,113.000000 56.000153,113.000305 56.031273,113.340767 
	C57.041645,115.120689 58.020897,116.560143 59.108467,118.218781 
	C59.416256,118.711411 59.677422,118.898956 60.041599,119.321129 
	C60.721264,120.094597 61.359619,120.547523 61.998985,121.000229 
	C62.000000,121.000000 61.999535,121.002136 62.033894,121.347900 
	C64.611496,125.172462 66.687599,129.286102 72.164566,129.249283 
	C72.885849,129.664703 73.442467,129.832657 74.055298,130.352325 
	C78.842155,132.800323 83.387138,135.725601 88.338890,136.834564 
	C102.169937,139.932037 115.551559,138.185562 128.364731,130.992920 
	C129.056839,130.944183 129.472366,131.016815 129.700241,130.843155 
	C141.278107,122.020538 149.273834,111.013756 151.230499,96.159470 
	C151.469559,94.344620 153.063049,92.708168 154.028839,90.989037 
z"/>
<path fill="#E8A73E" opacity="1.000000" stroke="none" 
	d="
M46.698475,93.274155 
	C48.651260,98.815468 49.822605,104.834938 52.078396,110.416107 
	C59.623032,129.082718 74.213333,139.240295 93.509636,142.950851 
	C107.367989,145.615723 119.183197,140.790634 130.721848,133.119080 
	C144.457672,123.986702 150.624481,111.098228 153.126831,95.630058 
	C153.213943,95.091583 153.860931,94.643677 154.622864,94.075966 
	C155.004059,94.442062 155.009323,94.885750 155.022446,95.662018 
	C153.976776,110.365486 147.928726,122.223366 137.498550,132.133835 
	C129.972275,139.285095 121.497612,144.015106 111.324844,146.583328 
	C101.442894,149.078110 92.037262,147.776398 83.134117,144.342972 
	C64.777771,137.263977 52.842113,123.864861 48.007557,104.589638 
	C47.107883,101.002678 46.926666,97.235504 46.698475,93.274155 
z"/>
<path fill="#F7CD54" opacity="1.000000" stroke="none" 
	d="
M49.982166,80.000099 
	C49.988678,79.255936 49.995190,78.511780 50.268291,77.398018 
	C50.534882,77.028419 51.029507,77.033524 51.223412,77.300369 
	C53.944267,79.379158 56.471218,81.191109 59.032936,83.355286 
	C67.002457,92.931992 72.037201,104.897453 83.940620,110.488129 
	C81.483482,112.837608 79.199814,114.905838 76.550125,116.972275 
	C74.558388,116.241585 72.411636,115.936882 71.406738,114.702553 
	C68.626167,111.287140 66.093811,107.616280 63.881641,103.803688 
	C60.349945,97.716911 57.216129,91.400566 53.783615,85.254150 
	C52.736835,83.379738 51.261326,81.744743 49.982166,80.000099 
z"/>
<path fill="#F3C14F" opacity="1.000000" stroke="none" 
	d="
M49.701729,80.262741 
	C51.261326,81.744743 52.736835,83.379738 53.783615,85.254150 
	C57.216129,91.400566 60.349945,97.716911 63.881641,103.803688 
	C66.093811,107.616280 68.626167,111.287140 71.406738,114.702553 
	C72.411636,115.936882 74.558388,116.241585 76.452744,117.283569 
	C75.495850,119.398163 74.270302,121.199669 72.654716,122.999237 
	C71.020691,122.669312 69.414970,122.726898 68.589661,121.952629 
	C61.707657,115.496216 55.489468,108.720718 53.835773,98.728012 
	C53.108818,94.335236 50.648941,90.229233 48.975883,85.993027 
	C49.124352,84.170479 49.272820,82.347923 49.701729,80.262741 
z"/>
<path fill="#F2B848" opacity="1.000000" stroke="none" 
	d="
M48.734379,86.162697 
	C50.648941,90.229233 53.108818,94.335236 53.835773,98.728012 
	C55.489468,108.720718 61.707657,115.496216 68.589661,121.952629 
	C69.414970,122.726898 71.020691,122.669312 72.585205,123.324356 
	C72.530914,124.448097 72.156105,125.244774 71.499039,126.180077 
	C69.852669,125.754326 68.400093,125.338310 67.145638,124.590111 
	C65.354210,123.521652 63.707855,122.209946 61.999535,121.002136 
	C61.999535,121.002136 62.000000,121.000000 61.958122,120.679504 
	C61.277596,119.906204 60.638943,119.453392 60.000290,119.000587 
	C59.677422,118.898956 59.416256,118.711411 59.103752,117.851662 
	C57.993862,115.843674 56.997005,114.421989 56.000153,113.000305 
	C56.000153,113.000305 56.000000,113.000000 55.994949,112.645950 
	C55.326832,111.527718 54.663769,110.763535 54.000710,109.999344 
	C52.101852,102.899025 50.202995,95.798706 48.149799,88.346100 
	C48.161263,87.440002 48.327068,86.886185 48.734379,86.162697 
z"/>
<path fill="#F3B340" opacity="1.000000" stroke="none" 
	d="
M51.029510,77.033524 
	C51.029507,77.033524 50.534882,77.028419 50.288017,77.026978 
	C48.852386,72.729576 52.073578,65.012123 56.637714,62.027420 
	C56.995651,62.747906 57.000278,63.508675 56.989685,64.968796 
	C56.927376,66.092834 56.880295,66.517532 56.568840,67.098145 
	C55.841415,68.136002 55.378357,69.017937 54.639553,70.064316 
	C53.903343,71.151039 53.442883,72.073326 52.716232,73.187531 
	C51.976536,74.597466 51.503021,75.815498 51.029510,77.033524 
z"/>
<path fill="#F3B340" opacity="1.000000" stroke="none" 
	d="
M58.673004,59.033295 
	C58.546638,59.634197 58.098785,60.278873 57.330528,60.969490 
	C57.457256,60.369308 57.904385,59.723186 58.673004,59.033295 
z"/>
<path fill="#F6C653" opacity="1.000000" stroke="none" 
	d="
M151.011765,75.998123 
	C151.339783,78.062614 151.667816,80.127113 151.649857,82.648003 
	C148.562637,87.899811 144.360458,92.427544 143.421326,97.553139 
	C141.999649,105.312378 138.557251,111.338669 133.585098,117.022751 
	C131.562119,119.335381 129.484024,120.009773 126.459953,118.934067 
	C125.689735,117.904648 125.164253,117.049515 124.954201,116.009277 
	C136.624847,106.681656 140.657394,92.760956 147.998810,80.645096 
	C148.674896,78.857384 149.347290,77.421509 150.267700,75.988403 
	C150.515732,75.991165 151.011765,75.998123 151.011765,75.998123 
z"/>
<path fill="#F1BD4D" opacity="1.000000" stroke="none" 
	d="
M126.704689,119.108345 
	C129.484024,120.009773 131.562119,119.335381 133.585098,117.022751 
	C138.557251,111.338669 141.999649,105.312378 143.421326,97.553139 
	C144.360458,92.427544 148.562637,87.899811 151.646545,83.050385 
	C152.329086,84.094643 152.668945,85.192924 152.695740,86.806732 
	C150.923737,91.118889 149.141846,94.826622 148.067642,98.729156 
	C145.084732,109.565956 140.680618,119.241241 129.388000,123.894028 
	C128.354843,122.141319 127.529770,120.624832 126.704689,119.108345 
z"/>
<path fill="#F1B546" opacity="1.000000" stroke="none" 
	d="
M129.596085,124.130249 
	C140.680618,119.241241 145.084732,109.565956 148.067642,98.729156 
	C149.141846,94.826622 150.923737,91.118889 152.699921,87.157425 
	C153.190002,86.994110 153.362839,86.995621 153.795563,87.002319 
	C154.044739,88.069389 154.034058,89.131271 154.026123,90.591095 
	C153.063049,92.708168 151.469559,94.344620 151.230499,96.159470 
	C149.273834,111.013756 141.278107,122.020538 129.700241,130.843155 
	C129.472366,131.016815 129.056839,130.944183 128.470978,130.734558 
	C128.473770,129.989990 128.734436,129.497314 128.890259,128.783234 
	C128.587830,128.286682 128.328384,128.095413 128.004944,127.740082 
	C128.002792,127.492104 128.001984,126.996140 128.314301,126.962341 
	C128.949783,125.995781 129.272934,125.063011 129.596085,124.130249 
z"/>
<path fill="#F5BB44" opacity="1.000000" stroke="none" 
	d="
M131.977325,49.024536 
	C138.188629,52.689018 143.256546,57.406387 145.731476,64.634186 
	C145.268555,65.015121 145.080078,65.020691 144.648087,64.913895 
	C143.950745,64.515274 143.496902,64.229012 142.916229,63.670448 
	C141.940933,62.583797 141.092453,61.769463 140.194183,60.708569 
	C140.097916,60.300888 140.051468,60.139759 139.901001,59.767212 
	C139.607697,59.291195 139.358963,59.106712 138.883286,58.765533 
	C138.205795,58.272049 137.695801,58.015369 137.025009,57.498474 
	C135.947144,56.442184 135.030075,55.646114 134.081436,54.648838 
	C134.049850,54.447632 133.985077,54.045479 133.959564,53.699066 
	C133.281815,51.909950 132.629578,50.467243 131.977325,49.024536 
z"/>
<path fill="#F7CF4E" opacity="1.000000" stroke="none" 
	d="
M131.661499,48.973289 
	C132.629578,50.467243 133.281815,51.909950 133.648346,53.674648 
	C132.630905,53.668777 131.899200,53.340919 130.986481,52.719269 
	C128.371674,51.253605 125.937859,50.081734 123.270554,48.640339 
	C122.029503,47.874580 121.021957,47.378345 120.007835,46.522423 
	C119.997452,45.443417 119.993637,44.724098 119.989815,44.004784 
	C123.056969,45.006195 126.124115,46.007610 129.563034,47.024754 
	C130.405090,47.667667 130.875397,48.294853 131.661499,48.973289 
z"/>
<path fill="#F3B340" opacity="1.000000" stroke="none" 
	d="
M144.891602,65.026260 
	C145.080078,65.020691 145.268555,65.015121 145.740051,65.001740 
	C150.955902,66.901146 150.797668,71.455635 151.263214,75.776573 
	C151.011765,75.998123 150.515732,75.991165 150.230896,75.658447 
	C149.299728,74.215607 148.653412,73.105476 147.968445,71.658539 
	C146.989029,69.876549 146.048233,68.431374 145.075180,66.659088 
	C144.992477,65.896736 144.942032,65.461502 144.891602,65.026260 
z"/>
<path fill="#FFFCC9" opacity="1.000000" stroke="none" 
	d="
M123.504051,48.909866 
	C125.937859,50.081734 128.371674,51.253605 130.537231,52.713844 
	C128.309631,53.247833 126.290131,53.271530 124.402824,53.783009 
	C119.776878,55.036686 115.290802,57.271118 110.607430,57.759991 
	C97.252876,59.154015 84.235382,57.281307 71.852097,51.812752 
	C73.741669,50.682152 75.631233,49.551552 78.009583,48.212112 
	C78.676178,48.021545 78.854004,48.039814 79.255569,48.320793 
	C90.273331,54.267204 101.450851,56.007290 113.242027,51.999870 
	C116.622314,50.851028 120.081200,49.933468 123.504051,48.909866 
z"/>
<path fill="#FEF9AB" opacity="1.000000" stroke="none" 
	d="
M134.113022,54.850044 
	C135.030075,55.646114 135.947144,56.442184 136.782043,57.813400 
	C132.567123,59.511398 128.487564,60.918247 124.291710,61.704594 
	C110.967842,64.201614 97.648643,66.641617 84.049347,63.104679 
	C77.354431,61.363441 70.489769,60.274853 63.701920,58.890926 
	C64.869606,57.585804 66.037292,56.280685 67.761490,55.207035 
	C68.882988,55.780041 69.409729,56.313370 70.018631,56.434868 
	C83.017113,59.028591 95.771355,64.036407 109.384842,60.956387 
	C117.664276,59.083191 125.872696,56.896118 134.113022,54.850044 
z"/>
<path fill="#FEF89E" opacity="1.000000" stroke="none" 
	d="
M63.437866,58.929420 
	C70.489769,60.274853 77.354431,61.363441 84.049347,63.104679 
	C97.648643,66.641617 110.967842,64.201614 124.291710,61.704594 
	C128.487564,60.918247 132.567123,59.511398 136.942871,58.073620 
	C137.695801,58.015369 138.205795,58.272049 138.954926,59.000248 
	C139.384171,59.769016 139.654480,59.937969 140.005005,59.978626 
	C140.051468,60.139759 140.097916,60.300888 139.805511,60.725403 
	C137.311295,61.992630 135.155960,62.996471 132.566376,63.999844 
	C130.338226,64.197014 128.542038,64.375946 126.750809,64.595436 
	C117.537773,65.724342 108.285316,68.020355 99.124405,67.698059 
	C88.374565,67.319862 77.704689,64.668930 66.663269,62.970917 
	C64.878883,61.952579 63.431366,60.967041 61.983849,59.981506 
	C62.380501,59.643639 62.777157,59.305775 63.437866,58.929420 
z"/>
<path fill="#FEFAB9" opacity="1.000000" stroke="none" 
	d="
M134.081436,54.648838 
	C125.872696,56.896118 117.664276,59.083191 109.384842,60.956387 
	C95.771355,64.036407 83.017113,59.028591 70.018631,56.434868 
	C69.409729,56.313370 68.882988,55.780041 68.087082,55.118912 
	C69.001801,53.900936 70.147415,53.002552 71.572563,51.958462 
	C84.235382,57.281307 97.252876,59.154015 110.607430,57.759991 
	C115.290802,57.271118 119.776878,55.036686 124.402824,53.783009 
	C126.290131,53.271530 128.309631,53.247833 130.718231,53.007637 
	C131.899200,53.340919 132.630905,53.668777 133.673859,54.021057 
	C133.985077,54.045479 134.049850,54.447632 134.081436,54.648838 
z"/>
<path fill="#FADF57" opacity="1.000000" stroke="none" 
	d="
M79.031830,48.058090 
	C78.854004,48.039814 78.676178,48.021545 78.231995,47.970585 
	C81.008087,41.954620 87.461517,43.077354 92.389877,41.026695 
	C93.522972,40.555222 94.704247,40.199524 95.961266,39.422470 
	C98.723053,39.049751 101.386917,39.045109 104.595108,39.416786 
	C109.428009,40.865326 113.716583,41.937550 118.005165,43.009773 
	C118.555679,43.180035 119.106186,43.350296 119.823257,43.762672 
	C119.993637,44.724098 119.997452,45.443417 119.684982,46.554550 
	C118.587975,46.611660 117.807251,46.276951 116.673080,45.756195 
	C112.469017,44.770061 108.590508,43.203686 104.774109,43.342697 
	C98.453171,43.572933 92.172226,44.901318 85.512253,45.820473 
	C83.110649,46.601971 81.071243,47.330029 79.031830,48.058090 
z"/>
<path fill="#FCEB80" opacity="1.000000" stroke="none" 
	d="
M56.833210,66.942230 
	C56.880295,66.517532 56.927376,66.092834 56.996769,65.348923 
	C57.485096,64.734619 57.951115,64.439545 58.845383,64.350746 
	C62.181606,65.373634 65.089577,66.190247 68.128891,67.286667 
	C69.173798,68.377625 70.087357,69.188782 71.000397,70.374954 
	C70.999596,71.499374 70.999313,72.248787 70.570694,72.999062 
	C68.428444,72.998123 66.714531,72.996315 64.849052,72.694534 
	C62.076065,70.577110 59.454639,68.759674 56.833210,66.942230 
z"/>
<path fill="#FCED90" opacity="1.000000" stroke="none" 
	d="
M67.997551,67.006859 
	C65.089577,66.190247 62.181606,65.373634 59.093056,64.225700 
	C59.746426,62.684021 60.580372,61.473663 61.699081,60.122406 
	C63.431366,60.967041 64.878883,61.952579 66.687363,63.289772 
	C67.366066,64.427719 67.683792,65.214012 68.000626,66.251938 
	C67.998993,66.671341 67.998276,66.839096 67.997551,67.006859 
z"/>
<path fill="#F6C548" opacity="1.000000" stroke="none" 
	d="
M117.939751,42.643070 
	C113.716583,41.937550 109.428009,40.865326 105.040253,39.422577 
	C109.252167,40.126827 113.563248,41.201595 117.939751,42.643070 
z"/>
<path fill="#F4BD4D" opacity="1.000000" stroke="none" 
	d="
M73.999084,130.000610 
	C73.442467,129.832657 72.885849,129.664703 72.324814,129.000626 
	C72.883156,127.754364 73.445930,127.004250 74.198853,126.077866 
	C74.773109,125.558228 75.157219,125.214851 75.941635,124.928268 
	C76.817528,125.129013 77.327911,125.204681 77.763657,125.426781 
	C92.498466,132.937469 107.296120,133.196014 122.218445,125.948174 
	C123.517487,125.317230 125.076088,125.220703 126.726776,125.047592 
	C127.212814,125.691345 127.486191,126.163445 127.394470,126.790367 
	C124.953575,128.272293 123.012573,129.911453 120.780060,130.875717 
	C106.587502,137.005707 92.463951,136.180832 78.395607,130.252869 
	C77.120987,129.715775 75.473450,130.063690 73.999084,130.000610 
z"/>
<path fill="#F4B647" opacity="1.000000" stroke="none" 
	d="
M74.055298,130.352325 
	C75.473450,130.063690 77.120987,129.715775 78.395607,130.252869 
	C92.463951,136.180832 106.587502,137.005707 120.780060,130.875717 
	C123.012573,129.911453 124.953575,128.272293 127.476662,126.865646 
	C127.923958,126.786102 128.001984,126.996140 128.001984,126.996140 
	C128.001984,126.996140 128.002792,127.492104 128.107269,127.963547 
	C128.409119,128.712524 128.670242,128.902405 128.995117,129.004639 
	C128.734436,129.497314 128.473770,129.989990 128.106857,130.741028 
	C115.551559,138.185562 102.169937,139.932037 88.338890,136.834564 
	C83.387138,135.725601 78.842155,132.800323 74.055298,130.352325 
z"/>
<path fill="#EFB244" opacity="1.000000" stroke="none" 
	d="
M74.008705,126.254120 
	C73.445930,127.004250 72.883156,127.754364 72.160141,128.753143 
	C66.687599,129.286102 64.611496,125.172462 62.033894,121.347900 
	C63.707855,122.209946 65.354210,123.521652 67.145638,124.590111 
	C68.400093,125.338310 69.852669,125.754326 71.868240,126.240738 
	C73.016045,126.193222 73.512375,126.223671 74.008705,126.254120 
z"/>
<path fill="#EFB244" opacity="1.000000" stroke="none" 
	d="
M56.031269,113.340767 
	C56.997005,114.421989 57.993862,115.843674 58.995438,117.632477 
	C58.020897,116.560143 57.041645,115.120689 56.031269,113.340767 
z"/>
<path fill="#EFB244" opacity="1.000000" stroke="none" 
	d="
M54.026302,110.320610 
	C54.663769,110.763535 55.326832,111.527718 55.994797,112.645798 
	C55.350430,112.213753 54.701160,111.427818 54.026302,110.320610 
z"/>
<path fill="#EFB244" opacity="1.000000" stroke="none" 
	d="
M60.041599,119.321129 
	C60.638943,119.453392 61.277596,119.906204 61.957108,120.679733 
	C61.359619,120.547523 60.721264,120.094597 60.041599,119.321129 
z"/>
<path fill="#704518" opacity="1.000000" stroke="none" 
	d="
M74.198853,126.077858 
	C73.512375,126.223671 73.016045,126.193222 72.150513,126.102112 
	C72.156105,125.244774 72.530914,124.448097 72.975235,123.326302 
	C74.270302,121.199669 75.495850,119.398163 76.818779,117.285355 
	C79.199814,114.905838 81.483482,112.837608 84.286438,110.411041 
	C87.175003,108.938477 89.544281,107.824242 92.206360,106.764603 
	C93.006310,106.568054 93.513451,106.316895 94.343246,106.046318 
	C95.082214,105.919174 95.498528,105.811455 96.370255,105.775040 
	C99.586563,105.751053 102.347466,105.655754 105.457825,105.669037 
	C106.533234,105.863274 107.259178,105.948936 108.177032,106.259933 
	C108.941330,106.555115 109.513718,106.624969 110.431488,106.818207 
	C111.504341,106.998901 112.231827,107.056198 113.112473,107.416489 
	C115.183861,108.783691 117.102066,109.847900 119.171295,111.201172 
	C121.094460,113.058289 122.866615,114.626335 124.638771,116.194389 
	C125.164253,117.049515 125.689735,117.904648 126.459953,118.934067 
	C127.529770,120.624832 128.354843,122.141319 129.388000,123.894028 
	C129.272934,125.063011 128.949783,125.995781 128.314301,126.962341 
	C128.001984,126.996140 127.923958,126.786102 127.841766,126.710823 
	C127.486191,126.163445 127.212814,125.691345 126.549316,124.736710 
	C123.816086,122.093330 121.472969,119.932495 119.046204,117.563980 
	C118.768845,117.105179 118.514435,116.961563 118.126289,116.608963 
	C117.425163,115.785851 116.797073,115.279236 116.121468,114.786270 
	C116.073952,114.799904 116.162842,114.843178 115.990524,114.539780 
	C106.057724,107.904816 93.912704,108.155182 85.895882,114.843887 
	C85.951317,114.833412 85.848557,114.786804 85.537933,114.853157 
	C84.426949,115.596443 83.626587,116.273376 82.619308,116.996452 
	C82.135437,117.173645 81.965614,117.389122 81.637543,117.855240 
	C81.160706,118.376999 80.949257,118.732536 80.452408,119.222672 
	C78.625114,121.195335 77.083214,123.033401 75.541321,124.871475 
	C75.157219,125.214851 74.773109,125.558228 74.198853,126.077858 
z"/>
<path fill="#F8D756" opacity="1.000000" stroke="none" 
	d="
M91.913559,106.710007 
	C89.544281,107.824242 87.175003,108.938477 84.459915,110.129799 
	C72.037201,104.897453 67.002457,92.931992 59.408260,83.354248 
	C60.499359,83.000900 61.249905,83.000839 62.202965,83.277870 
	C65.269653,84.702995 68.133827,85.851036 71.143944,87.298981 
	C72.556374,88.383751 73.822853,89.168617 75.051514,89.977722 
	C75.013687,90.001953 75.047623,89.918800 75.053757,90.236061 
	C75.422157,91.021568 75.784424,91.489815 76.092926,91.976685 
	C76.039162,91.995300 76.044403,91.881622 76.156693,92.138596 
	C76.585159,92.579857 76.901321,92.764145 77.416946,92.966873 
	C77.616394,92.985306 77.997734,93.108017 77.995621,93.423378 
	C77.993156,94.159363 77.992813,94.579987 77.748901,95.196976 
	C80.818382,100.952881 86.222755,103.353462 92.060043,105.326889 
	C91.989380,105.972092 91.951469,106.341049 91.913559,106.710007 
z"/>
<path fill="#F8D561" opacity="1.000000" stroke="none" 
	d="
M62.000446,83.000786 
	C61.249905,83.000839 60.499359,83.000900 59.373493,83.002007 
	C56.471218,81.191109 53.944267,79.379158 51.223412,77.300369 
	C51.503021,75.815498 51.976536,74.597466 53.053875,73.237595 
	C56.438160,75.064903 59.218620,77.034058 61.999367,79.402863 
	C61.999916,80.868607 62.000183,81.934692 62.000446,83.000786 
z"/>
<path fill="#F9DE6C" opacity="1.000000" stroke="none" 
	d="
M61.999084,79.003212 
	C59.218620,77.034058 56.438160,75.064903 53.320061,73.045685 
	C53.442883,72.073326 53.903343,71.151039 54.816910,70.388344 
	C58.511917,71.700050 61.753822,72.852158 65.030670,74.347336 
	C65.708786,76.127129 66.351952,77.563873 66.578934,79.001373 
	C64.774864,79.002502 63.386974,79.002861 61.999084,79.003212 
z"/>
<path fill="#FAE277" opacity="1.000000" stroke="none" 
	d="
M64.995728,74.004272 
	C61.753822,72.852158 58.511917,71.700050 55.092655,70.223907 
	C55.378357,69.017937 55.841415,68.136002 56.568840,67.098145 
	C59.454639,68.759674 62.076065,70.577110 64.848190,72.947006 
	C64.997841,73.667725 64.996788,73.835999 64.995728,74.004272 
z"/>
<path fill="#F7CE54" opacity="1.000000" stroke="none" 
	d="
M124.954201,116.009277 
	C122.866615,114.626335 121.094460,113.058289 119.204330,110.857880 
	C125.843307,102.864662 132.633057,95.533432 139.330521,88.118843 
	C140.728546,86.571129 141.785721,84.715538 143.309784,82.848671 
	C145.078110,82.129333 146.536606,81.563141 147.995117,80.996948 
	C140.657394,92.760956 136.624847,106.681656 124.954201,116.009277 
z"/>
<path fill="#F8D563" opacity="1.000000" stroke="none" 
	d="
M147.998810,80.645096 
	C146.536606,81.563141 145.078110,82.129333 142.934692,82.847824 
	C141.499588,83.000397 140.749390,83.000656 139.997711,82.662445 
	C139.663361,81.549217 139.330460,80.774452 139.046539,79.664581 
	C140.397568,77.554497 141.699631,75.779533 143.350739,73.969391 
	C145.135544,73.287918 146.571304,72.641640 148.007080,71.995354 
	C148.653412,73.105476 149.299728,74.215607 149.982880,75.655685 
	C149.347290,77.421509 148.674896,78.857384 147.998810,80.645096 
z"/>
<path fill="#F4BD4D" opacity="1.000000" stroke="none" 
	d="
M128.890259,128.783234 
	C128.670242,128.902405 128.409119,128.712524 128.109421,128.211517 
	C128.328384,128.095413 128.587830,128.286682 128.890259,128.783234 
z"/>
<path fill="#FCEC85" opacity="1.000000" stroke="none" 
	d="
M144.648071,64.913895 
	C144.942032,65.461502 144.992477,65.896736 144.720551,66.691338 
	C142.598557,68.034714 140.798920,69.018730 138.610382,70.047455 
	C136.147659,70.395035 134.073822,70.697914 131.999908,70.749298 
	C131.998505,70.330139 131.997162,70.162476 132.021423,69.676384 
	C132.365311,68.572884 132.683563,67.787819 133.405609,67.001236 
	C136.887283,65.980736 139.965179,64.961746 143.043076,63.942757 
	C143.496902,64.229012 143.950745,64.515274 144.648071,64.913895 
z"/>
<path fill="#FCED90" opacity="1.000000" stroke="none" 
	d="
M142.916229,63.670448 
	C139.965179,64.961746 136.887283,65.980736 133.404694,66.750443 
	C132.999390,66.334000 132.998779,66.166824 132.998840,65.666428 
	C132.999893,64.888908 133.000244,64.444603 133.000610,64.000305 
	C135.155960,62.996471 137.311295,61.992630 139.855316,60.971954 
	C141.092453,61.769463 141.940933,62.583797 142.916229,63.670448 
z"/>
<path fill="#F7CF4E" opacity="1.000000" stroke="none" 
	d="
M139.901001,59.767212 
	C139.654480,59.937969 139.384171,59.769016 139.122437,59.237053 
	C139.358963,59.106712 139.607697,59.291195 139.901001,59.767212 
z"/>
<path fill="#FFFDD9" opacity="1.000000" stroke="none" 
	d="
M79.255569,48.320797 
	C81.071243,47.330029 83.110649,46.601971 85.680588,46.159775 
	C87.604301,47.290218 88.922340,48.307724 90.402924,48.951256 
	C99.834061,53.050472 108.492706,49.978394 117.026535,45.942242 
	C117.807251,46.276951 118.587975,46.611660 119.691544,46.914238 
	C121.021957,47.378345 122.029503,47.874580 123.270554,48.640335 
	C120.081200,49.933468 116.622314,50.851028 113.242027,51.999870 
	C101.450851,56.007290 90.273331,54.267204 79.255569,48.320797 
z"/>
<path fill="#FADF76" opacity="1.000000" stroke="none" 
	d="
M138.999298,70.002747 
	C140.798920,69.018730 142.598557,68.034714 144.752808,67.018448 
	C146.048233,68.431374 146.989029,69.876549 147.968445,71.658539 
	C146.571304,72.641640 145.135544,73.287918 142.933624,73.967674 
	C140.777298,74.000153 139.387131,73.999161 138.029724,73.653183 
	C138.374786,72.206383 138.687042,71.104568 138.999298,70.002747 
z"/>
<path fill="#FEF893" opacity="1.000000" stroke="none" 
	d="
M132.566376,63.999840 
	C133.000244,64.444603 132.999893,64.888908 132.602783,65.714447 
	C110.796486,71.485764 89.394341,71.885826 68.001526,66.000305 
	C67.683792,65.214012 67.366066,64.427719 67.024231,63.322571 
	C77.704689,64.668930 88.374565,67.319862 99.124405,67.698059 
	C108.285316,68.020355 117.537773,65.724342 126.750809,64.595436 
	C128.542038,64.375946 130.338226,64.197014 132.566376,63.999840 
z"/>
<path fill="#FFFDE2" opacity="1.000000" stroke="none" 
	d="
M116.673080,45.756195 
	C108.492706,49.978394 99.834061,53.050472 90.402924,48.951256 
	C88.922340,48.307724 87.604301,47.290218 86.042770,46.106331 
	C92.172226,44.901318 98.453171,43.572933 104.774109,43.342697 
	C108.590508,43.203686 112.469017,44.770061 116.673080,45.756195 
z"/>
<path fill="#FEF67F" opacity="1.000000" stroke="none" 
	d="
M131.995819,69.994812 
	C131.997162,70.162476 131.998505,70.330139 131.754547,71.027359 
	C126.671082,73.035332 121.832878,74.513756 116.587433,75.943390 
	C113.747185,75.612648 111.309692,75.063927 108.882141,75.104782 
	C103.966103,75.187523 99.057274,75.632088 94.141899,75.844749 
	C91.095436,75.976555 88.042397,75.956299 84.556519,76.000397 
	C82.082787,75.999771 80.044861,76.003059 77.693985,75.850090 
	C75.253708,74.795288 73.126373,73.896736 70.999031,72.998192 
	C70.999313,72.248787 70.999596,71.499374 71.433586,70.375023 
	C82.720528,70.999901 93.569199,72.711601 104.428383,72.781067 
	C113.611214,72.839798 122.806206,70.996391 131.995819,69.994812 
z"/>
<path fill="#FEF789" opacity="1.000000" stroke="none" 
	d="
M132.021423,69.676384 
	C122.806206,70.996391 113.611214,72.839798 104.428383,72.781067 
	C93.569199,72.711601 82.720528,70.999901 71.434105,70.000008 
	C70.087357,69.188782 69.173798,68.377625 68.128891,67.286667 
	C67.998276,66.839096 67.998993,66.671341 68.000626,66.251938 
	C89.394341,71.885826 110.796486,71.485764 132.602112,66.047676 
	C132.998779,66.166824 132.999390,66.334000 133.000916,66.751953 
	C132.683563,67.787819 132.365311,68.572884 132.021423,69.676384 
z"/>
<path fill="#FBEC70" opacity="1.000000" stroke="none" 
	d="
M70.570694,72.999062 
	C73.126373,73.896736 75.253708,74.795288 77.690750,76.178024 
	C77.995697,77.099907 77.990959,77.537598 77.859177,78.237617 
	C77.140045,78.993477 76.547966,79.487015 75.535538,79.984360 
	C72.408501,79.658974 69.701813,79.329796 66.995117,79.000610 
	C66.351952,77.563873 65.708786,76.127129 65.030670,74.347336 
	C64.996788,73.835999 64.997841,73.667725 64.999756,73.246979 
	C66.714531,72.996315 68.428444,72.998123 70.570694,72.999062 
z"/>
<path fill="#F5C556" opacity="1.000000" stroke="none" 
	d="
M75.941635,124.928268 
	C77.083214,123.033401 78.625114,121.195335 80.773987,119.193726 
	C81.594826,119.023216 81.808701,119.016243 82.402557,119.052299 
	C89.023132,120.278572 95.298431,122.536079 101.494347,122.335938 
	C107.415817,122.144661 113.254684,119.396141 119.129852,117.771667 
	C121.472969,119.932495 123.816086,122.093330 126.336655,124.565056 
	C125.076088,125.220703 123.517487,125.317230 122.218445,125.948174 
	C107.296120,133.196014 92.498466,132.937469 77.763657,125.426781 
	C77.327911,125.204681 76.817528,125.129013 75.941635,124.928268 
z"/>
<path fill="#F7CF58" opacity="1.000000" stroke="none" 
	d="
M119.046211,117.563980 
	C113.254684,119.396141 107.415817,122.144661 101.494347,122.335938 
	C95.298431,122.536079 89.023132,120.278572 82.375519,118.721909 
	C81.946632,118.128670 81.924774,117.908844 81.902924,117.689026 
	C81.965614,117.389122 82.135437,117.173645 83.000137,117.006195 
	C84.341446,116.242126 85.095001,115.514465 85.848557,114.786804 
	C85.848557,114.786804 85.951317,114.833412 86.296242,114.889618 
	C92.220413,113.964256 97.784142,112.345490 103.383965,112.209183 
	C107.619705,112.106079 111.901527,113.895828 116.162842,114.843185 
	C116.162842,114.843178 116.073952,114.799904 116.102844,115.146530 
	C116.820930,115.970604 117.510132,116.448036 118.199333,116.925468 
	C118.514435,116.961563 118.768845,117.105179 119.046211,117.563980 
z"/>
<path fill="#F8D656" opacity="1.000000" stroke="none" 
	d="
M139.999176,83.000916 
	C140.749390,83.000656 141.499588,83.000397 142.624893,83.000977 
	C141.785721,84.715538 140.728546,86.571129 139.330521,88.118843 
	C132.633057,95.533432 125.843307,102.864662 119.053314,110.568817 
	C117.102066,109.847900 115.183861,108.783691 113.157188,107.057846 
	C114.196350,105.343216 115.295746,104.231010 116.501320,103.249176 
	C119.266022,100.997566 122.131195,98.864845 124.803841,96.511528 
	C125.075821,96.272049 124.316795,94.861649 124.013435,93.696167 
	C123.975845,93.198723 123.961029,92.999718 124.015663,92.594154 
	C124.261101,92.133560 124.501953,91.984039 125.193993,91.958344 
	C127.720009,90.985008 129.859695,89.992355 132.320679,88.974060 
	C133.427795,88.298958 134.213623,87.649483 135.334457,86.968552 
	C137.112701,85.625038 138.555939,84.312981 139.999176,83.000916 
z"/>
<path fill="#F9DA57" opacity="1.000000" stroke="none" 
	d="
M124.036209,93.994598 
	C124.316795,94.861649 125.075821,96.272049 124.803841,96.511528 
	C122.131195,98.864845 119.266022,100.997566 116.501320,103.249176 
	C115.295746,104.231010 114.196350,105.343216 113.004013,106.754860 
	C112.231827,107.056198 111.504341,106.998901 110.368073,106.552383 
	C109.301224,106.120300 108.643173,106.077446 107.985115,106.034592 
	C107.259178,105.948936 106.533234,105.863274 105.368073,105.398277 
	C104.286209,104.686897 103.643578,104.354866 103.066086,103.659088 
	C108.089439,100.861595 113.047638,98.427841 118.395287,95.995277 
	C120.535225,95.329178 122.285713,94.661888 124.036209,93.994598 
z"/>
<path fill="#F9DA57" opacity="1.000000" stroke="none" 
	d="
M92.092789,105.050644 
	C86.222755,103.353462 80.818382,100.952881 78.129028,95.240440 
	C80.501724,95.391693 82.250710,95.695847 84.199120,96.276367 
	C87.601692,98.076851 90.847374,99.519600 93.988968,101.161499 
	C95.430817,101.915062 96.668312,103.059647 97.701553,104.063667 
	C96.908043,104.634857 96.411438,105.169296 95.914841,105.703728 
	C95.498528,105.811455 95.082214,105.919174 94.188919,105.798378 
	C93.172218,105.396782 92.632507,105.223717 92.092789,105.050644 
z"/>
<path fill="#EDDE63" opacity="1.000000" stroke="none" 
	d="
M115.990524,114.539780 
	C111.901527,113.895828 107.619705,112.106079 103.383965,112.209183 
	C97.784142,112.345490 92.220413,113.964256 86.240807,114.900101 
	C93.912704,108.155182 106.057724,107.904816 115.990524,114.539780 
z"/>
<path fill="#DFB345" opacity="1.000000" stroke="none" 
	d="
M96.370255,105.775040 
	C96.411438,105.169296 96.908043,104.634857 98.118423,104.066322 
	C100.221786,104.029091 101.611359,104.025963 103.000938,104.022835 
	C103.643578,104.354866 104.286209,104.686897 105.018600,105.289696 
	C102.347466,105.655754 99.586563,105.751053 96.370255,105.775040 
z"/>
<path fill="#EDDE63" opacity="1.000000" stroke="none" 
	d="
M85.537933,114.853157 
	C85.095001,115.514465 84.341446,116.242126 83.207062,116.960052 
	C83.626587,116.273376 84.426949,115.596443 85.537933,114.853157 
z"/>
<path fill="#DFB345" opacity="1.000000" stroke="none" 
	d="
M92.060043,105.326889 
	C92.632507,105.223717 93.172218,105.396782 93.866264,105.817795 
	C93.513451,106.316895 93.006310,106.568054 92.206360,106.764603 
	C91.951469,106.341049 91.989380,105.972092 92.060043,105.326889 
z"/>
<path fill="#DFB345" opacity="1.000000" stroke="none" 
	d="
M108.177032,106.259933 
	C108.643173,106.077446 109.301224,106.120300 110.022690,106.428986 
	C109.513718,106.624969 108.941330,106.555115 108.177032,106.259933 
z"/>
<path fill="#EDDE63" opacity="1.000000" stroke="none" 
	d="
M118.126289,116.608963 
	C117.510132,116.448036 116.820930,115.970604 116.150360,115.132896 
	C116.797073,115.279236 117.425163,115.785851 118.126289,116.608963 
z"/>
<path fill="#EDDE63" opacity="1.000000" stroke="none" 
	d="
M81.637543,117.855240 
	C81.924774,117.908844 81.946632,118.128670 81.995544,118.678894 
	C81.808701,119.016243 81.594826,119.023216 81.059387,119.059128 
	C80.949257,118.732536 81.160706,118.376999 81.637543,117.855240 
z"/>
<path fill="#F5DC5E" opacity="1.000000" stroke="none" 
	d="
M66.578934,79.001373 
	C69.701813,79.329796 72.408501,79.658974 75.500626,80.334366 
	C75.542252,81.789360 75.198448,82.898148 74.535263,84.040001 
	C73.143250,85.048409 72.070625,86.023750 70.998001,86.999084 
	C68.133827,85.851036 65.269653,84.702995 62.202965,83.277870 
	C62.000183,81.934692 61.999916,80.868607 61.999367,79.402863 
	C63.386974,79.002861 64.774864,79.002502 66.578934,79.001373 
z"/>
<path fill="#87591F" opacity="1.000000" stroke="none" 
	d="
M77.997734,93.108017 
	C77.997734,93.108017 77.616394,92.985306 77.287720,92.720169 
	C76.654167,92.263901 76.349289,92.072762 76.044403,91.881622 
	C76.044403,91.881622 76.039162,91.995300 76.065033,91.664139 
	C75.743149,90.861588 75.395386,90.390190 75.047623,89.918800 
	C75.047623,89.918800 75.013687,90.001953 75.029816,89.727249 
	C75.087265,89.290077 75.128601,89.127602 75.484161,88.976250 
	C76.217628,88.996101 76.636856,89.004822 77.364899,89.168198 
	C79.641533,89.996796 81.609352,90.670723 83.577171,91.344658 
	C83.895226,89.010040 84.213280,86.675430 84.531334,84.340813 
	C82.362930,84.508514 80.194160,84.671806 78.026497,84.848625 
	C77.699234,84.875328 77.377113,84.965050 77.077805,84.655571 
	C79.078362,83.196785 81.042648,81.324593 83.033028,81.296432 
	C84.346565,81.277855 85.691299,83.916588 87.035088,85.353355 
	C87.551254,85.905228 88.103531,86.423309 88.617645,87.300644 
	C88.606827,88.103683 88.617722,88.562874 88.429062,89.241333 
	C87.439392,90.599953 86.649269,91.739304 85.848412,92.860809 
	C85.837677,92.842957 85.804527,92.816536 85.446854,92.904549 
	C82.725365,93.031044 80.361549,93.069534 77.997734,93.108017 
z"/>
<path fill="#F9E65C" opacity="1.000000" stroke="none" 
	d="
M75.169937,88.965126 
	C75.128601,89.127602 75.087265,89.290077 75.067642,89.703018 
	C73.822853,89.168617 72.556374,88.383751 71.143951,87.298981 
	C72.070625,86.023750 73.143250,85.048409 74.602600,84.449463 
	C75.049530,86.205605 75.109734,87.585365 75.169937,88.965126 
z"/>
<path fill="#F9E65C" opacity="1.000000" stroke="none" 
	d="
M77.995621,93.423386 
	C80.361549,93.069534 82.725365,93.031044 85.478729,93.232506 
	C85.245415,94.314964 84.622551,95.157486 83.999695,96.000000 
	C82.250710,95.695847 80.501724,95.391693 78.372604,95.044067 
	C77.992813,94.579987 77.993156,94.159363 77.995621,93.423386 
z"/>
<path fill="#F9E65C" opacity="1.000000" stroke="none" 
	d="
M75.053757,90.236061 
	C75.395386,90.390190 75.743149,90.861588 76.118805,91.645523 
	C75.784424,91.489815 75.422157,91.021568 75.053757,90.236061 
z"/>
<path fill="#F9E65C" opacity="1.000000" stroke="none" 
	d="
M76.156693,92.138596 
	C76.349289,92.072762 76.654167,92.263901 77.088272,92.701736 
	C76.901321,92.764145 76.585159,92.579857 76.156693,92.138596 
z"/>
<path fill="#F9DE5D" opacity="1.000000" stroke="none" 
	d="
M131.999390,88.999695 
	C129.859695,89.992355 127.720009,90.985008 125.320053,91.710785 
	C125.319374,90.967575 125.578964,90.491241 125.939880,89.712646 
	C126.084068,88.987701 126.126923,88.565018 126.469147,87.877586 
	C126.908432,85.738731 127.048355,83.864632 127.601540,81.993614 
	C131.675720,81.331032 135.336639,80.665367 138.997559,79.999695 
	C139.330460,80.774452 139.663361,81.549217 139.997711,82.662445 
	C138.555939,84.312981 137.112701,85.625038 134.980530,86.973534 
	C133.527542,87.673210 132.763458,88.336449 131.999390,88.999695 
z"/>
<path fill="#FAE46A" opacity="1.000000" stroke="none" 
	d="
M139.046539,79.664581 
	C135.336639,80.665367 131.675720,81.331032 127.514191,81.672455 
	C126.297058,80.248611 125.580528,79.149025 125.272354,78.034546 
	C129.786118,76.679161 133.891525,75.338661 137.996948,73.998169 
	C139.387131,73.999161 140.777298,74.000153 142.584595,74.002861 
	C141.699631,75.779533 140.397568,77.554497 139.046539,79.664581 
z"/>
<path fill="#FBED76" opacity="1.000000" stroke="none" 
	d="
M138.029724,73.653183 
	C133.891525,75.338661 129.786118,76.679161 124.918243,77.859436 
	C121.769859,77.438766 119.383926,77.178329 116.997871,76.686455 
	C116.997742,76.455025 116.994682,75.992180 116.994682,75.992180 
	C121.832878,74.513756 126.671082,73.035332 131.754639,71.278854 
	C134.073822,70.697914 136.147659,70.395035 138.610397,70.047455 
	C138.687042,71.104568 138.374786,72.206383 138.029724,73.653183 
z"/>
<path fill="#FDF575" opacity="1.000000" stroke="none" 
	d="
M116.587433,75.943390 
	C116.994682,75.992180 116.997742,76.455025 116.736755,76.829300 
	C115.721878,77.829750 114.967979,78.455925 113.745331,79.057297 
	C104.871315,79.352570 96.466034,79.672653 87.872040,79.974205 
	C87.683311,79.955673 87.304169,79.945930 87.127884,79.702164 
	C86.253548,78.750488 85.555489,78.042587 84.909332,77.003929 
	C84.971588,76.450226 84.981949,76.227264 84.992310,76.004303 
	C88.042397,75.956299 91.095436,75.976555 94.141899,75.844749 
	C99.057274,75.632088 103.966103,75.187523 108.882141,75.104782 
	C111.309692,75.063927 113.747185,75.612648 116.587433,75.943390 
z"/>
<path fill="#F5DC5E" opacity="1.000000" stroke="none" 
	d="
M84.556519,76.000397 
	C84.981949,76.227264 84.971588,76.450226 84.517067,76.956787 
	C82.044006,77.485359 80.015114,77.730324 77.986214,77.975296 
	C77.990959,77.537598 77.995697,77.099907 78.003685,76.334274 
	C80.044861,76.003059 82.082787,75.999771 84.556519,76.000397 
z"/>
<path fill="#6D4015" opacity="1.000000" stroke="none" 
	d="
M77.859177,78.237610 
	C80.015114,77.730324 82.044006,77.485359 84.465164,77.287537 
	C85.555489,78.042587 86.253548,78.750488 87.088394,79.949104 
	C87.371513,80.768295 87.618744,80.977654 88.031853,81.300507 
	C88.278572,81.829239 88.541840,81.998734 88.934967,82.453331 
	C88.868660,84.228966 88.754005,85.592880 88.639343,86.956795 
	C88.103531,86.423309 87.551254,85.905228 87.035088,85.353355 
	C85.691299,83.916588 84.346565,81.277855 83.033028,81.296432 
	C81.042648,81.324593 79.078362,83.196785 77.063919,85.053329 
	C77.035263,86.885269 77.045677,87.949402 77.056091,89.013542 
	C76.636856,89.004822 76.217628,88.996101 75.484161,88.976250 
	C75.109734,87.585365 75.049530,86.205605 74.921982,84.416382 
	C75.198448,82.898148 75.542252,81.789360 75.920959,80.330566 
	C76.547966,79.487015 77.140045,78.993477 77.859177,78.237610 
z"/>
<path fill="#8A5B20" opacity="1.000000" stroke="none" 
	d="
M125.838547,90.014908 
	C125.578964,90.491241 125.319374,90.967575 124.933731,91.691467 
	C124.501953,91.984039 124.261101,92.133560 123.678871,92.759216 
	C120.879471,92.975098 118.486313,92.819359 116.025665,92.485977 
	C115.806442,92.085442 115.597916,91.949837 115.207458,91.584991 
	C114.634003,90.237267 114.185669,89.206055 114.024063,87.991867 
	C114.875031,86.873077 115.439285,85.937256 116.277878,85.244247 
	C117.701805,91.757782 118.546562,92.244621 124.364395,90.075424 
	C124.802414,89.912117 125.344719,90.028526 125.838547,90.014908 
z"/>
<path fill="#FAEB62" opacity="1.000000" stroke="none" 
	d="
M116.093163,92.663628 
	C118.486313,92.819359 120.879471,92.975098 123.609413,92.965775 
	C123.961029,92.999718 123.975845,93.198723 124.013428,93.696167 
	C122.285713,94.661888 120.535225,95.329178 118.199875,95.719833 
	C117.107735,94.516670 116.600449,93.590149 116.093163,92.663628 
z"/>
<path fill="#F9DA57" opacity="1.000000" stroke="none" 
	d="
M132.320679,88.974060 
	C132.763458,88.336449 133.527542,87.673210 134.645538,87.004990 
	C134.213623,87.649483 133.427795,88.298958 132.320679,88.974060 
z"/>
<path fill="#F9DF58" opacity="1.000000" stroke="none" 
	d="
M116.025665,92.485977 
	C116.600449,93.590149 117.107735,94.516670 117.810425,95.718643 
	C113.047638,98.427841 108.089439,100.861595 103.066086,103.659088 
	C101.611359,104.025963 100.221786,104.029091 98.415344,104.029564 
	C96.668312,103.059647 95.430817,101.915062 93.988968,101.161499 
	C90.847374,99.519600 87.601692,98.076851 84.199120,96.276367 
	C84.622551,95.157486 85.245415,94.314964 85.836395,93.144493 
	C85.804527,92.816536 85.837677,92.842957 86.290504,92.902435 
	C88.192596,93.152000 89.660538,93.251846 91.087997,93.547272 
	C98.543449,95.090256 105.901360,95.435211 113.388596,91.996346 
	C114.295868,91.962296 114.814232,91.931900 115.332596,91.901505 
	C115.597916,91.949837 115.806442,92.085442 116.025665,92.485977 
z"/>
<path fill="#F9E65C" opacity="1.000000" stroke="none" 
	d="
M112.999695,92.000000 
	C105.901360,95.435211 98.543449,95.090256 91.087997,93.547272 
	C89.660538,93.251846 88.192596,93.152000 86.301239,92.920288 
	C86.649269,91.739304 87.439392,90.599953 88.882660,89.198471 
	C96.101036,88.640282 102.669785,88.128082 109.228485,88.234673 
	C110.505615,88.255417 111.743637,90.682724 112.999695,92.000000 
z"/>
<path fill="#FAEB62" opacity="1.000000" stroke="none" 
	d="
M113.388596,91.996346 
	C111.743637,90.682724 110.505615,88.255417 109.228485,88.234673 
	C102.669785,88.128082 96.101036,88.640282 89.082207,88.979195 
	C88.617722,88.562874 88.606827,88.103683 88.617645,87.300644 
	C88.754005,85.592880 88.868660,84.228966 89.359192,82.488464 
	C97.628662,82.112289 105.522247,82.112709 113.324348,82.502808 
	C113.401016,84.653275 113.569176,86.414055 113.737343,88.174843 
	C114.185669,89.206055 114.634003,90.237267 115.207458,91.584991 
	C114.814232,91.931900 114.295868,91.962296 113.388596,91.996346 
z"/>
<path fill="#976523" opacity="1.000000" stroke="none" 
	d="
M77.364899,89.168198 
	C77.045677,87.949402 77.035263,86.885269 77.038727,85.423370 
	C77.377113,84.965050 77.699234,84.875328 78.026497,84.848625 
	C80.194160,84.671806 82.362930,84.508514 84.531334,84.340813 
	C84.213280,86.675430 83.895226,89.010040 83.577171,91.344658 
	C81.609352,90.670723 79.641533,89.996796 77.364899,89.168198 
z"/>
<path fill="#724618" opacity="1.000000" stroke="none" 
	d="
M114.024063,87.991867 
	C113.569176,86.414055 113.401016,84.653275 113.489853,82.235237 
	C113.902588,80.746025 114.058334,79.914062 114.214081,79.082108 
	C114.967979,78.455925 115.721878,77.829750 116.736893,77.060730 
	C119.383926,77.178329 121.769859,77.438766 124.509895,77.874313 
	C125.580528,79.149025 126.297058,80.248611 127.100937,81.669357 
	C127.048355,83.864632 126.908432,85.738731 126.173523,87.679794 
	C125.365601,86.840820 125.152672,85.934891 124.918167,84.668030 
	C122.692772,81.298431 120.358353,79.083504 116.767822,83.176041 
	C116.349274,83.895103 116.176407,84.448273 116.003540,85.001434 
	C115.439285,85.937256 114.875031,86.873077 114.024063,87.991867 
z"/>
<path fill="#986623" opacity="1.000000" stroke="none" 
	d="
M116.277878,85.244247 
	C116.176407,84.448273 116.349274,83.895103 117.164734,83.173874 
	C120.184792,83.680191 122.562263,84.354576 124.939735,85.028961 
	C125.152672,85.934891 125.365601,86.840820 125.874161,87.944542 
	C126.126923,88.565018 126.084068,88.987701 125.939880,89.712646 
	C125.344719,90.028526 124.802414,89.912117 124.364395,90.075424 
	C118.546562,92.244621 117.701805,91.757782 116.277878,85.244247 
z"/>
<path fill="#FDF26B" opacity="1.000000" stroke="none" 
	d="
M113.745331,79.057297 
	C114.058334,79.914062 113.902588,80.746025 113.581345,81.845551 
	C105.522247,82.112709 97.628662,82.112289 89.310852,82.076736 
	C88.541840,81.998734 88.278572,81.829239 88.055428,81.031708 
	C88.029602,80.351105 88.045181,80.171921 88.060760,79.992737 
	C96.466034,79.672653 104.871315,79.352570 113.745331,79.057297 
z"/>
<path fill="#F5DC5E" opacity="1.000000" stroke="none" 
	d="
M87.872040,79.974205 
	C88.045181,80.171921 88.029602,80.351105 87.990456,80.799088 
	C87.618744,80.977654 87.371513,80.768295 87.264679,80.192871 
	C87.304169,79.945930 87.683311,79.955673 87.872040,79.974205 
z"/>
<path fill="#8A5B20" opacity="1.000000" stroke="none" 
	d="
M124.918167,84.668037 
	C122.562263,84.354576 120.184792,83.680191 117.410408,83.007980 
	C120.358353,79.083504 122.692772,81.298431 124.918167,84.668037 
z"/>
</svg>