<svg version="1.1" id="Layer_1" xmlns="http://www.w3.org/2000/svg" xmlns:xlink="http://www.w3.org/1999/xlink" x="0px" y="0px"
	 width="100%" viewBox="0 0 1920 540" enable-background="new 0 0 1920 540" xml:space="preserve">
<path fill="#B6B8C3" opacity="1.000000" stroke="none" 
	d="
M1374.000000,541.000000 
	C916.000000,541.000000 458.500000,541.000000 1.000000,541.000000 
	C1.000000,361.000000 1.000000,181.000000 1.000000,1.000000 
	C641.000000,1.000000 1281.000000,1.000000 1921.000000,1.000000 
	C1921.000000,181.000000 1921.000000,361.000000 1921.000000,541.000000 
	C1738.833374,541.000000 1556.666626,541.000000 1374.000000,541.000000 
M377.157349,280.500000 
	C377.157257,238.845490 377.110138,197.190811 377.240021,155.536713 
	C377.251312,151.921616 376.189178,149.894882 373.015808,148.070679 
	C316.714020,115.706207 260.469635,83.241753 204.275452,50.690723 
	C201.421097,49.037315 199.389435,49.119366 196.583984,50.743931 
	C140.241150,83.370537 83.847443,115.909431 27.417130,148.384583 
	C24.796871,149.892517 23.720158,151.547256 23.724258,154.637421 
	C23.810923,219.951843 23.807865,285.266449 23.732748,350.580902 
	C23.729290,353.588165 24.583006,355.398438 27.273140,356.946747 
	C83.845665,389.506836 140.375427,422.141296 196.868164,454.839600 
	C199.522354,456.375824 201.550446,456.297180 204.168335,454.781586 
	C260.513916,422.161560 316.888123,389.590759 373.333344,357.143524 
	C376.445221,355.354736 377.233093,353.291992 377.216644,349.980011 
	C377.103333,327.153809 377.157318,304.326782 377.157349,280.500000 
M702.500000,381.188660 
	C720.614990,381.188660 738.729919,381.188660 756.688904,381.188660 
	C758.427063,376.691406 756.815308,375.147766 752.884094,374.261932 
	C730.842468,369.295532 722.637451,359.206879 721.932129,336.660706 
	C721.885193,335.161713 721.843201,333.661804 721.841736,332.162262 
	C721.819275,309.330627 721.797363,286.499023 721.802734,263.667389 
	C721.803101,262.231628 722.029907,260.795929 722.143066,259.457520 
	C735.324768,259.457520 748.125061,259.155823 760.903992,259.548828 
	C771.997803,259.889984 779.983704,265.782196 785.285278,275.373138 
	C788.263428,280.760895 791.039368,286.260193 794.004944,291.655151 
	C802.173523,306.515503 809.430359,321.991516 818.820557,336.039093 
	C832.838806,357.010345 850.924011,373.910217 875.346680,382.562317 
	C888.319519,387.158112 901.812012,388.427094 915.327515,388.172882 
	C916.879700,384.214661 914.943970,382.921326 912.177002,381.207031 
	C905.429626,377.026733 897.677063,373.382416 892.803040,367.479614 
	C880.755066,352.888733 869.943665,337.260101 858.927124,321.839966 
	C850.992615,310.733795 843.773071,299.115021 835.787109,288.047791 
	C827.185303,276.127136 816.219788,266.731842 803.105774,259.949402 
	C800.861572,258.788757 798.597473,257.666504 796.065186,256.386261 
	C805.046875,254.223755 813.565002,252.717667 821.729126,250.105469 
	C846.643616,242.133850 859.280273,220.350266 854.516785,194.685501 
	C850.655701,173.882965 837.746399,160.783554 818.914795,152.931122 
	C794.946655,142.936859 769.803650,143.090256 744.601013,145.514572 
	C714.194336,148.439484 683.799988,150.170227 653.285828,147.551270 
	C651.681824,147.413589 650.055603,147.533524 648.608032,147.533524 
	C647.101929,151.892044 648.506897,153.489029 652.535156,154.507278 
	C672.421997,159.534286 680.833923,169.559555 680.974060,189.875916 
	C681.307495,238.202255 681.141785,286.532074 681.161255,334.860474 
	C681.162048,336.858276 681.057861,338.861084 680.898926,340.853241 
	C679.472107,358.728699 672.228088,368.295288 656.286926,373.300659 
	C653.638367,374.132233 650.922729,374.750244 648.039978,375.519836 
	C648.128967,377.492889 648.200684,379.082031 648.295715,381.188782 
	C666.244812,381.188782 683.872437,381.188782 702.500000,381.188660 
M1875.512939,170.988571 
	C1871.824463,167.627563 1868.315186,164.041214 1864.418335,160.942383 
	C1839.939087,141.476074 1812.546265,136.455521 1783.166748,146.735382 
	C1754.562500,156.743973 1735.712769,178.007309 1724.089355,205.088699 
	C1704.527588,250.665405 1706.650513,295.711304 1731.886230,338.789093 
	C1743.169189,358.049194 1759.019775,373.043976 1780.189087,381.209686 
	C1818.263062,395.896118 1856.601196,383.861298 1883.214844,349.111053 
	C1900.209473,326.920715 1908.982056,301.550446 1910.398926,273.702820 
	C1912.360107,235.157806 1902.301636,200.575424 1875.512939,170.988571 
M634.252014,214.749161 
	C635.903503,203.823288 635.160583,193.098450 630.759888,182.899490 
	C623.272827,165.547195 608.978638,156.008148 591.791626,150.281113 
	C569.983765,143.014343 547.495789,143.318329 525.007385,145.513107 
	C494.781403,148.463058 464.558258,150.161423 434.217987,147.604172 
	C432.465881,147.456482 430.690491,147.585052 429.122253,147.585052 
	C427.246582,152.183990 429.212006,153.519592 433.024872,154.488678 
	C450.752258,158.994278 461.048401,168.622864 461.393890,188.454117 
	C461.480896,193.448288 461.843140,198.439911 461.847961,203.432922 
	C461.886536,243.418304 461.897583,283.403748 461.838928,323.389099 
	C461.830383,329.211517 461.595367,335.047974 461.142761,340.852814 
	C459.597595,360.669403 452.161316,369.456207 432.792145,374.189117 
	C428.851105,375.152100 427.365082,376.819855 429.036530,380.799072 
	C466.792389,380.799072 504.495697,380.799072 542.051758,380.799072 
	C543.624329,376.625092 542.139465,375.088531 538.282288,374.473877 
	C534.201538,373.823639 530.124207,372.761658 526.238342,371.348877 
	C512.416077,366.323761 503.076172,357.335510 502.775879,341.777863 
	C502.316315,317.970154 502.340881,294.153107 502.179626,270.339905 
	C502.177673,270.052338 502.437042,269.763000 502.847534,268.901062 
	C513.692932,268.901062 524.831421,269.381470 535.912109,268.786499 
	C551.840454,267.931244 567.922058,267.429871 583.588135,264.739136 
	C611.428467,259.957428 629.277771,241.746597 634.252014,214.749161 
M1552.898071,247.254883 
	C1552.300049,249.973419 1551.701904,252.691940 1550.996582,255.897766 
	C1554.718750,256.230530 1558.014404,256.369537 1561.261597,256.842499 
	C1575.237793,258.878082 1589.462769,259.957031 1603.104492,263.359406 
	C1623.042725,268.332214 1640.290283,278.433105 1650.522949,297.211578 
	C1660.296265,315.146881 1661.027344,333.727478 1650.223633,351.455811 
	C1639.405151,369.208282 1622.824097,377.069397 1602.114380,376.013336 
	C1586.705688,375.227661 1576.113037,364.732391 1574.909058,349.424316 
	C1574.661133,346.271606 1574.385864,343.102173 1573.814697,339.997253 
	C1572.033691,330.317291 1566.166382,325.662598 1556.307495,325.906250 
	C1547.033447,326.135437 1540.079590,332.271362 1538.901367,341.299103 
	C1537.760010,350.044250 1540.089355,357.785248 1545.724365,364.544281 
	C1551.985107,372.053711 1560.106689,376.974854 1569.107544,380.227692 
	C1595.490601,389.762543 1621.496948,388.042969 1646.745361,376.205322 
	C1675.749878,362.606567 1692.917847,333.399231 1690.659424,302.297729 
	C1688.412476,271.353485 1671.797607,250.101913 1645.331421,235.702164 
	C1622.857544,223.474564 1598.180176,219.945435 1573.142822,218.019073 
	C1571.259155,217.874146 1569.385986,217.592667 1567.134277,217.331284 
	C1569.563721,206.419403 1572.004639,196.239731 1574.029297,185.977936 
	C1574.843140,181.852768 1576.465088,180.353470 1580.882812,180.389023 
	C1608.206787,180.609024 1635.533447,180.444153 1662.858521,180.568222 
	C1666.317139,180.583908 1668.133545,179.707718 1669.411377,176.229385 
	C1674.287598,162.954712 1679.558960,149.825348 1684.653442,136.630371 
	C1685.156494,135.327682 1685.458984,133.947479 1685.854614,132.603271 
	C1685.550903,132.214920 1685.247192,131.826584 1684.943481,131.438248 
	C1682.549316,132.492447 1679.785034,133.089447 1677.823120,134.677597 
	C1667.700073,142.872269 1656.190674,146.971313 1643.238281,147.023483 
	C1622.577881,147.106674 1601.917236,147.087936 1581.256592,147.111694 
	C1579.291626,147.113953 1577.326538,147.111984 1575.127075,147.111984 
	C1567.697510,180.500137 1560.362305,213.464798 1552.898071,247.254883 
M1115.888916,292.550385 
	C1109.254639,277.651001 1102.618042,262.752625 1095.986450,247.852005 
	C1081.031494,214.249481 1066.052368,180.657593 1051.175415,147.020493 
	C1049.981445,144.320770 1048.675049,141.904129 1045.505371,143.173874 
	C1044.024658,143.767044 1042.909058,145.922012 1042.163452,147.606186 
	C1017.974976,202.235550 994.044861,256.980499 969.580627,311.485748 
	C963.605652,324.797760 956.458130,337.672119 948.844116,350.133270 
	C942.129639,361.122192 932.377625,369.328339 920.130554,374.001526 
	C916.538147,375.372253 916.379089,377.607574 917.310974,380.893799 
	C946.731506,380.893799 976.132751,380.893799 1005.702271,380.893799 
	C1005.702271,378.864166 1005.702271,377.127106 1005.702271,375.969208 
	C998.831055,373.537689 992.187927,371.763123 986.054810,368.897095 
	C973.108643,362.847382 967.579102,351.936127 969.682495,337.884247 
	C971.887817,323.151825 979.091675,310.236481 984.941040,296.850403 
	C985.408386,295.780792 987.890686,295.077698 989.440125,295.071442 
	C1015.930603,294.964569 1042.421997,295.058899 1068.912109,294.911896 
	C1072.171997,294.893799 1073.572632,296.154022 1074.748047,298.929016 
	C1079.226318,309.501709 1084.024170,319.939270 1088.474487,330.523285 
	C1091.371704,337.413544 1094.309570,344.339752 1096.440796,351.485016 
	C1098.988281,360.024994 1095.677734,367.365631 1087.418213,370.703522 
	C1081.814453,372.968170 1075.612671,374.127686 1069.568726,374.809143 
	C1064.825928,375.343872 1064.543213,377.235779 1065.724731,380.780701 
	C1102.229004,380.780701 1138.459106,380.780701 1174.689331,380.780701 
	C1175.059692,380.373779 1175.430176,379.966827 1175.800537,379.559906 
	C1174.568970,377.916016 1173.620361,375.207458 1172.062134,374.793243 
	C1156.799561,370.736389 1147.227905,360.535461 1140.832764,346.750427 
	C1132.569336,328.937927 1124.375366,311.093109 1115.888916,292.550385 
M1330.087769,212.616058 
	C1338.598511,202.146103 1346.923096,191.517593 1355.668579,181.247543 
	C1365.941162,169.184250 1377.749756,159.129883 1393.213989,154.034592 
	C1394.838989,153.499130 1395.651367,150.496643 1397.519531,147.578461 
	C1365.221924,147.578461 1334.819946,147.578461 1304.301270,147.578461 
	C1304.301270,149.599197 1304.301270,151.316315 1304.301270,153.096268 
	C1308.569824,153.777756 1312.541504,154.219589 1316.425293,155.064713 
	C1334.499146,158.997589 1342.320557,173.395111 1335.196411,190.513290 
	C1332.736328,196.424240 1329.237183,202.101654 1325.277344,207.152512 
	C1312.945557,222.882339 1300.170044,238.264389 1287.546387,253.764969 
	C1286.975098,254.466431 1286.207886,255.008377 1285.288208,255.846802 
	C1268.362793,231.475235 1251.586060,207.447174 1235.006348,183.284088 
	C1232.881958,180.188080 1231.279175,176.524673 1230.303101,172.890930 
	C1227.706543,163.224716 1231.707397,156.942810 1241.529907,154.965836 
	C1246.226196,154.020599 1251.037720,153.648514 1255.917725,153.000839 
	C1255.917725,151.088547 1255.917725,149.368164 1255.917725,147.826279 
	C1255.399414,147.583084 1255.254883,147.455994 1255.110107,147.455704 
	C1220.292847,147.388885 1185.475708,147.306641 1150.658691,147.388870 
	C1149.604370,147.391357 1147.596191,149.259384 1147.709106,150.003036 
	C1147.919678,151.388321 1149.191040,153.502853 1150.324707,153.718842 
	C1160.864014,155.726700 1168.910645,161.662308 1175.722656,169.477463 
	C1179.985107,174.367599 1184.125122,179.414200 1187.830200,184.731934 
	C1207.348145,212.744827 1226.729492,240.853027 1246.073730,268.986298 
	C1247.135742,270.530884 1248.000488,272.596191 1248.007202,274.422577 
	C1248.085205,295.914673 1248.082397,317.408356 1247.890015,338.899689 
	C1247.765015,352.861816 1242.184814,363.830383 1229.020142,369.775696 
	C1224.366455,371.877319 1219.318848,373.299622 1214.308960,374.360779 
	C1209.980591,375.277527 1209.368896,377.282562 1210.742554,380.798279 
	C1249.412109,380.798279 1287.805786,380.798279 1326.055786,380.798279 
	C1328.322876,374.535950 1323.732178,374.857208 1320.343262,374.048248 
	C1298.246582,368.773499 1288.908691,357.893005 1288.819458,337.798248 
	C1288.715210,314.307861 1288.538696,290.817200 1288.618774,267.327484 
	C1288.625854,265.259155 1289.907959,262.886810 1291.259399,261.179291 
	C1303.974731,245.112717 1316.834351,229.160156 1330.087769,212.616058 
M1486.933472,156.511154 
	C1486.933472,152.088379 1486.933472,147.665588 1486.933472,143.138443 
	C1485.528198,143.138443 1484.850220,143.024673 1484.222778,143.154831 
	C1460.104858,148.159058 1436.000610,153.229218 1411.869263,158.167526 
	C1407.716553,159.017334 1408.097900,161.518509 1408.838379,164.501572 
	C1414.914307,165.714447 1420.994019,166.632980 1426.910889,168.175995 
	C1436.634033,170.711609 1442.769409,176.986969 1444.748047,186.971329 
	C1445.361084,190.064972 1445.965820,193.226913 1445.986206,196.361389 
	C1446.247314,236.682236 1446.439331,277.003693 1446.551880,317.325226 
	C1446.574707,325.484924 1446.397949,333.656860 1445.952637,341.803467 
	C1445.283569,354.043213 1439.936890,363.621765 1428.507935,368.810181 
	C1423.108276,371.261414 1417.315918,373.048248 1411.527222,374.376587 
	C1407.113281,375.389465 1406.675903,377.367798 1408.095581,380.887848 
	C1447.420410,380.887848 1486.519897,380.887848 1525.750488,380.887848 
	C1525.750488,378.852448 1525.750488,377.118469 1525.750488,375.632263 
	C1520.407593,374.161438 1515.332764,373.108765 1510.505493,371.369324 
	C1497.397461,366.646027 1488.715820,358.070770 1487.707397,343.429962 
	C1487.296143,337.455627 1486.972656,331.461029 1486.966797,325.475281 
	C1486.911255,269.485840 1486.933472,213.496292 1486.933472,156.511154 
z"/>
<path fill="#D74C25" opacity="1.000000" stroke="none" 
	d="
M377.157410,281.000000 
	C377.157318,304.326782 377.103333,327.153809 377.216644,349.980011 
	C377.233093,353.291992 376.445221,355.354736 373.333344,357.143524 
	C316.888123,389.590759 260.513916,422.161560 204.168335,454.781586 
	C201.550446,456.297180 199.522354,456.375824 196.868164,454.839600 
	C140.375427,422.141296 83.845665,389.506836 27.273140,356.946747 
	C24.583006,355.398438 23.729290,353.588165 23.732748,350.580902 
	C23.807865,285.266449 23.810923,219.951843 23.724258,154.637421 
	C23.720158,151.547256 24.796871,149.892517 27.417130,148.384583 
	C83.847443,115.909431 140.241150,83.370537 196.583984,50.743931 
	C199.389435,49.119366 201.421097,49.037315 204.275452,50.690723 
	C260.469635,83.241753 316.714020,115.706207 373.015808,148.070679 
	C376.189178,149.894882 377.251312,151.921616 377.240021,155.536713 
	C377.110138,197.190811 377.157257,238.845490 377.157410,281.000000 
M209.243256,224.497635 
	C209.585175,245.653961 209.820114,266.812836 210.319504,287.965424 
	C210.531540,296.946899 211.240768,305.919403 211.888199,314.884125 
	C211.965408,315.953400 212.963257,317.675537 213.740555,317.799194 
	C214.796036,317.967133 216.423096,317.175659 217.128723,316.269226 
	C218.096481,315.026062 218.770706,313.332275 218.969955,311.755676 
	C219.511139,307.473694 219.990402,303.154938 220.044754,298.845123 
	C220.389282,271.522430 220.575989,244.197769 220.894806,216.874710 
	C221.005554,207.383942 221.223587,197.889801 221.697372,188.412445 
	C221.776276,186.834366 223.162643,184.292480 224.389969,183.987518 
	C228.634064,182.932983 233.074860,182.670044 238.602646,181.955612 
	C238.602646,214.326950 238.602646,245.813507 238.602646,277.300049 
	C245.152283,266.413422 249.714218,255.274567 249.761154,242.819214 
	C249.837128,222.658188 249.886795,202.496994 250.017197,182.336319 
	C250.027328,180.769272 250.043686,178.404114 250.977173,177.775024 
	C255.840866,174.497177 261.002533,171.661423 266.060486,168.671799 
	C266.695923,168.967026 267.331329,169.262238 267.966766,169.557465 
	C267.966766,180.366150 267.966766,191.174850 267.966766,201.983551 
	C268.846588,202.096130 269.726440,202.208694 270.606262,202.321274 
	C273.087616,193.304062 277.055664,184.392227 277.704010,175.245087 
	C278.691772,161.310257 283.394104,150.229950 294.633240,141.932266 
	C297.952423,139.481766 301.176788,137.057388 305.439911,139.723236 
	C309.570984,142.306534 311.226196,146.794968 309.629089,151.948883 
	C307.958008,157.341385 306.093781,162.688599 304.019867,167.939453 
	C285.764465,214.159714 268.485413,260.804474 248.777206,306.398499 
	C235.525604,337.055481 200.209595,351.038269 168.470551,337.260498 
	C139.235352,324.569672 124.978996,300.551697 123.399864,269.156158 
	C122.363693,248.555573 127.157021,228.491608 130.446793,208.291809 
	C132.118851,198.025177 133.256287,187.493423 132.935089,177.134232 
	C132.657608,168.185318 126.321960,162.156342 118.342499,158.079071 
	C118.486839,159.968613 118.969872,161.671005 119.853683,163.130722 
	C124.013367,170.000916 124.431664,177.311584 122.342178,184.817444 
	C120.961815,189.775986 119.463005,194.747482 117.463181,199.479034 
	C111.372437,213.889526 104.449753,227.971344 98.873291,242.571594 
	C86.590996,274.729034 87.199417,306.633270 106.116608,336.016754 
	C130.573273,374.004547 166.468796,390.590363 211.189911,384.979401 
	C251.211716,379.958008 279.731293,358.359894 294.522369,320.193817 
	C301.554443,302.048492 303.274719,282.711060 306.010895,263.641510 
	C309.316986,240.600189 312.560211,217.548721 315.629883,194.474930 
	C317.910187,177.334656 320.147583,160.179443 321.861969,142.976852 
	C322.779938,133.765381 317.909119,127.547997 308.954407,124.870102 
	C300.350647,122.297157 292.472443,124.812202 285.095490,129.030014 
	C277.301788,133.486115 269.820465,138.485474 262.070435,143.021606 
	C234.242981,159.309113 206.084869,160.365814 177.776810,144.328064 
	C167.211487,138.342331 157.124542,131.470245 146.361359,125.885155 
	C128.198715,116.460434 109.814674,116.377953 92.384285,127.784447 
	C79.284859,136.356766 75.278526,151.479340 81.449776,165.623718 
	C85.928268,175.888351 103.498711,179.172867 111.340912,171.062607 
	C110.586136,170.968887 109.930595,170.917938 109.286514,170.802841 
	C102.126244,169.523331 98.214439,166.080566 97.535606,160.475494 
	C96.798416,154.388596 100.012703,149.142227 106.272575,146.177963 
	C113.053802,142.966827 119.976212,143.057129 126.488213,146.415878 
	C133.565292,150.066101 140.196350,154.571457 147.180023,158.416748 
	C150.274033,160.120377 151.018753,162.338196 151.013245,165.671341 
	C150.941727,208.997345 150.994003,252.323593 151.054947,295.649719 
	C151.057449,297.429413 150.829178,299.699524 151.775482,300.899933 
	C155.205856,305.251404 159.091537,309.243896 163.608917,314.264893 
	C164.344742,266.144806 163.186966,219.343887 164.585007,171.577454 
	C169.819901,173.850204 173.681396,175.739380 177.696869,177.207474 
	C181.374268,178.551987 182.417496,180.765640 182.403183,184.693115 
	C182.241577,229.018555 182.300812,273.344788 182.300812,317.670807 
	C182.300812,319.574982 182.300812,321.479156 182.300812,323.450836 
	C185.660828,323.450836 188.102814,323.450836 190.657776,323.450836 
	C191.520920,276.683807 192.379654,230.155869 193.249954,183.000763 
	C197.504440,183.263184 200.773865,183.668320 204.035553,183.613403 
	C207.922668,183.547974 209.108337,185.142807 209.055664,189.006226 
	C208.898956,200.500626 209.141113,212.000458 209.243256,224.497635 
z"/>
<path fill="#3A414F" opacity="1.000000" stroke="none" 
	d="
M702.000000,381.188721 
	C683.872437,381.188782 666.244812,381.188782 648.295715,381.188782 
	C648.200684,379.082031 648.128967,377.492889 648.039978,375.519836 
	C650.922729,374.750244 653.638367,374.132233 656.286926,373.300659 
	C672.228088,368.295288 679.472107,358.728699 680.898926,340.853241 
	C681.057861,338.861084 681.162048,336.858276 681.161255,334.860474 
	C681.141785,286.532074 681.307495,238.202255 680.974060,189.875916 
	C680.833923,169.559555 672.421997,159.534286 652.535156,154.507278 
	C648.506897,153.489029 647.101929,151.892044 648.608032,147.533524 
	C650.055603,147.533524 651.681824,147.413589 653.285828,147.551270 
	C683.799988,150.170227 714.194336,148.439484 744.601013,145.514572 
	C769.803650,143.090256 794.946655,142.936859 818.914795,152.931122 
	C837.746399,160.783554 850.655701,173.882965 854.516785,194.685501 
	C859.280273,220.350266 846.643616,242.133850 821.729126,250.105469 
	C813.565002,252.717667 805.046875,254.223755 796.065186,256.386261 
	C798.597473,257.666504 800.861572,258.788757 803.105774,259.949402 
	C816.219788,266.731842 827.185303,276.127136 835.787109,288.047791 
	C843.773071,299.115021 850.992615,310.733795 858.927124,321.839966 
	C869.943665,337.260101 880.755066,352.888733 892.803040,367.479614 
	C897.677063,373.382416 905.429626,377.026733 912.177002,381.207031 
	C914.943970,382.921326 916.879700,384.214661 915.327515,388.172882 
	C901.812012,388.427094 888.319519,387.158112 875.346680,382.562317 
	C850.924011,373.910217 832.838806,357.010345 818.820557,336.039093 
	C809.430359,321.991516 802.173523,306.515503 794.004944,291.655151 
	C791.039368,286.260193 788.263428,280.760895 785.285278,275.373138 
	C779.983704,265.782196 771.997803,259.889984 760.903992,259.548828 
	C748.125061,259.155823 735.324768,259.457520 722.143066,259.457520 
	C722.029907,260.795929 721.803101,262.231628 721.802734,263.667389 
	C721.797363,286.499023 721.819275,309.330627 721.841736,332.162262 
	C721.843201,333.661804 721.885193,335.161713 721.932129,336.660706 
	C722.637451,359.206879 730.842468,369.295532 752.884094,374.261932 
	C756.815308,375.147766 758.427063,376.691406 756.688904,381.188660 
	C738.729919,381.188660 720.614990,381.188660 702.000000,381.188721 
M783.999084,261.806213 
	C783.883850,261.783203 783.768555,261.760223 783.653320,261.737244 
	C783.750000,261.846802 783.846741,261.956360 784.259094,262.653137 
	C794.132019,273.373596 799.548706,286.752258 806.068726,299.449493 
	C817.543823,321.796417 830.395142,343.113129 850.083801,359.382141 
	C861.635498,368.927399 874.697144,375.546387 889.422852,378.787964 
	C888.760071,377.827545 887.881470,377.205658 887.070068,376.505951 
	C879.032959,369.575317 869.766602,363.621979 863.257751,355.468506 
	C852.506836,342.001251 843.341003,327.240509 833.873230,312.785095 
	C824.375488,298.283875 815.417786,283.316223 801.637573,272.385437 
	C796.334778,268.179138 789.816101,265.505707 783.999084,261.806213 
M788.391174,159.996765 
	C779.499756,154.555710 769.782593,152.137054 759.418396,151.916702 
	C734.052734,151.377411 722.392212,162.304276 721.979919,187.683090 
	C721.657776,207.506790 721.824951,227.338593 721.808533,247.166809 
	C721.807495,248.434662 722.098694,249.702744 722.396057,252.131592 
	C740.593567,251.273392 758.550720,250.867859 776.422974,249.417618 
	C787.088867,248.552109 796.039490,243.297165 802.552979,234.486328 
	C819.507996,211.551346 813.007507,175.965576 788.391174,159.996765 
M700.499207,371.958160 
	C706.749573,371.958160 712.999878,371.958160 720.528137,371.958160 
	C718.423035,370.181305 717.449341,369.092468 716.249451,368.389984 
	C708.558411,363.887177 705.838867,357.325806 705.883667,348.390076 
	C706.167603,291.731598 706.132996,235.070862 705.971924,178.411545 
	C705.950256,170.798080 708.598267,165.292435 714.883850,161.204666 
	C717.373596,159.585510 719.550293,157.484940 722.173950,155.356567 
	C705.185608,155.356567 689.047241,155.356567 671.758362,155.356567 
	C673.661926,156.844437 674.466187,157.721573 675.461060,158.212570 
	C686.371399,163.597458 689.815186,172.716278 688.602783,184.211197 
	C688.550598,184.705597 688.597046,185.210373 688.597046,185.710312 
	C688.597046,238.204330 688.606323,290.698364 688.577820,343.192383 
	C688.575745,347.020782 688.184937,350.848969 688.182251,354.677429 
	C688.179199,359.058136 686.256775,362.303680 682.860046,364.872864 
	C680.151550,366.921448 677.501099,369.046844 673.775513,371.958160 
	C683.282471,371.958160 691.391052,371.958160 700.499207,371.958160 
M829.313232,227.725479 
	C839.085876,212.853546 839.863770,197.374893 831.327148,181.911072 
	C823.533813,167.793854 810.901306,159.799927 795.212280,156.122391 
	C810.695679,167.717606 818.912170,182.851105 819.042542,202.224426 
	C819.170044,221.176041 813.920593,237.558411 797.107544,248.729858 
	C809.937927,245.052124 820.964539,239.068222 829.313232,227.725479 
M795.520996,249.703629 
	C795.520996,249.703629 795.691101,249.397430 795.691101,249.397430 
	C795.691101,249.397430 795.322693,249.448425 795.520996,249.703629 
M793.806763,155.531311 
	C793.639343,155.520584 793.471985,155.509872 793.304565,155.499146 
	C793.383301,155.582123 793.461975,155.665100 793.806763,155.531311 
z"/>
<path fill="#39404F" opacity="1.000000" stroke="none" 
	d="
M1875.754883,171.246399 
	C1902.301636,200.575424 1912.360107,235.157806 1910.398926,273.702820 
	C1908.982056,301.550446 1900.209473,326.920715 1883.214844,349.111053 
	C1856.601196,383.861298 1818.263062,395.896118 1780.189087,381.209686 
	C1759.019775,373.043976 1743.169189,358.049194 1731.886230,338.789093 
	C1706.650513,295.711304 1704.527588,250.665405 1724.089355,205.088699 
	C1735.712769,178.007309 1754.562500,156.743973 1783.166748,146.735382 
	C1812.546265,136.455521 1839.939087,141.476074 1864.418335,160.942383 
	C1868.315186,164.041214 1871.824463,167.627563 1875.754883,171.246399 
M1766.959839,365.909882 
	C1767.220581,365.869537 1767.481201,365.829224 1767.741943,365.788879 
	C1767.570312,365.452972 1767.398682,365.117035 1767.061035,364.310822 
	C1766.881470,364.010193 1766.624023,363.809631 1766.046753,363.072662 
	C1743.487427,333.537567 1737.291138,299.133575 1737.206299,263.236023 
	C1737.121094,227.211853 1743.817261,192.896957 1766.930542,163.448853 
	C1765.670410,163.561523 1764.956543,163.891891 1764.354004,164.364288 
	C1750.759155,175.022034 1740.257324,188.212967 1732.499390,203.595169 
	C1719.467041,229.435333 1715.931274,256.855316 1720.098511,285.210693 
	C1724.840820,317.478210 1739.422241,344.414795 1765.738525,365.043243 
	C1765.957764,365.271301 1766.211548,365.450562 1766.959839,365.909882 
M1830.028564,154.309235 
	C1813.822510,145.718307 1798.377930,147.609009 1785.008545,160.182266 
	C1773.459473,171.043655 1767.253296,185.089188 1763.140625,199.978760 
	C1752.506958,238.477753 1752.840698,277.354279 1760.654175,316.252319 
	C1764.130371,333.557709 1770.255859,349.891754 1782.226440,363.398682 
	C1797.933228,381.121552 1821.707520,382.228668 1838.017822,365.095459 
	C1844.436523,358.353180 1849.797241,350.114380 1853.832275,341.691254 
	C1863.045166,322.458893 1865.433472,301.508667 1866.483276,280.460510 
	C1867.960327,250.840546 1866.529541,221.467224 1857.037354,193.049667 
	C1851.947632,177.811737 1844.630005,163.921051 1830.028564,154.309235 
M1873.943848,255.528076 
	C1873.255005,270.483978 1873.408813,285.538086 1871.679321,300.372681 
	C1869.099121,322.503510 1863.801636,343.975616 1849.555176,362.075958 
	C1849.455444,362.202484 1849.660156,362.568542 1850.030762,364.074219 
	C1876.260986,341.738586 1889.243408,313.435272 1891.633545,280.464783 
	C1894.916992,235.173508 1885.225220,194.128769 1849.120117,163.103714 
	C1853.151733,171.498367 1858.310791,179.470261 1861.849854,188.105988 
	C1870.544434,209.321457 1873.171875,231.797028 1873.943848,255.528076 
z"/>
<path fill="#39404F" opacity="1.000000" stroke="none" 
	d="
M634.175659,215.180145 
	C629.277771,241.746597 611.428467,259.957428 583.588135,264.739136 
	C567.922058,267.429871 551.840454,267.931244 535.912109,268.786499 
	C524.831421,269.381470 513.692932,268.901062 502.847534,268.901062 
	C502.437042,269.763000 502.177673,270.052338 502.179626,270.339905 
	C502.340881,294.153107 502.316315,317.970154 502.775879,341.777863 
	C503.076172,357.335510 512.416077,366.323761 526.238342,371.348877 
	C530.124207,372.761658 534.201538,373.823639 538.282288,374.473877 
	C542.139465,375.088531 543.624329,376.625092 542.051758,380.799072 
	C504.495697,380.799072 466.792389,380.799072 429.036530,380.799072 
	C427.365082,376.819855 428.851105,375.152100 432.792145,374.189117 
	C452.161316,369.456207 459.597595,360.669403 461.142761,340.852814 
	C461.595367,335.047974 461.830383,329.211517 461.838928,323.389099 
	C461.897583,283.403748 461.886536,243.418304 461.847961,203.432922 
	C461.843140,198.439911 461.480896,193.448288 461.393890,188.454117 
	C461.048401,168.622864 450.752258,158.994278 433.024872,154.488678 
	C429.212006,153.519592 427.246582,152.183990 429.122253,147.585052 
	C430.690491,147.585052 432.465881,147.456482 434.217987,147.604172 
	C464.558258,150.161423 494.781403,148.463058 525.007385,145.513107 
	C547.495789,143.318329 569.983765,143.014343 591.791626,150.281113 
	C608.978638,156.008148 623.272827,165.547195 630.759888,182.899490 
	C635.160583,193.098450 635.903503,203.823288 634.175659,215.180145 
M574.924133,155.338516 
	C574.487732,155.338516 574.051270,155.338516 572.440002,155.338516 
	C574.029846,155.812256 574.477966,155.945801 575.215576,156.685303 
	C589.830444,166.469498 598.241821,180.169891 599.719727,197.615036 
	C601.708435,221.091141 596.303101,241.938446 575.016479,257.186981 
	C596.857849,251.813660 617.106384,233.608749 617.878967,205.170502 
	C618.505249,182.118118 599.570862,159.880630 574.924133,155.338516 
M561.632202,256.325134 
	C567.006042,253.101013 573.141785,250.691925 577.618225,246.507690 
	C594.447876,230.776596 598.251770,198.554352 586.425049,177.383575 
	C575.927063,158.591248 553.807617,148.856873 530.235413,152.655396 
	C513.872986,155.292099 505.585541,162.786331 503.241638,177.573608 
	C502.437469,182.646927 502.128448,187.843491 502.097687,192.986771 
	C501.972198,213.965775 502.036407,234.945923 502.051392,255.925644 
	C502.052521,257.507416 502.216187,259.089050 502.317444,260.906006 
	C509.570404,260.906006 516.220154,260.870880 522.869324,260.913513 
	C535.718567,260.995911 548.505249,260.567657 561.632202,256.325134 
M468.957336,254.500000 
	C468.957336,272.664276 468.969147,290.828552 468.953552,308.992828 
	C468.941223,323.324036 468.834900,337.655457 468.892242,351.986298 
	C468.916870,358.137878 466.786499,362.962006 461.457397,366.311035 
	C459.294922,367.670013 457.363708,369.397034 454.602509,371.511566 
	C470.451874,371.511566 485.164886,371.511566 499.877869,371.511566 
	C488.000824,365.538696 486.096222,355.509857 486.170502,343.604034 
	C486.499939,290.779541 486.305450,237.951859 486.330597,185.125336 
	C486.332275,181.630051 486.701569,178.134583 486.692627,174.639755 
	C486.679993,169.699432 488.943726,166.090942 492.762817,163.210800 
	C496.016815,160.756821 499.195740,158.203323 502.583557,155.556595 
	C485.986267,155.556595 469.931702,155.556595 452.583099,155.556595 
	C454.808167,157.358429 455.723022,158.403244 456.872498,158.982468 
	C466.865784,164.018082 469.346954,172.369827 469.114960,183.012543 
	C468.602966,206.498337 468.956757,230.003021 468.957336,254.500000 
z"/>
<path fill="#393F4E" opacity="1.000000" stroke="none" 
	d="
M1552.962524,246.842163 
	C1560.362305,213.464798 1567.697510,180.500137 1575.127075,147.111984 
	C1577.326538,147.111984 1579.291626,147.113953 1581.256592,147.111694 
	C1601.917236,147.087936 1622.577881,147.106674 1643.238281,147.023483 
	C1656.190674,146.971313 1667.700073,142.872269 1677.823120,134.677597 
	C1679.785034,133.089447 1682.549316,132.492447 1684.943481,131.438248 
	C1685.247192,131.826584 1685.550903,132.214920 1685.854614,132.603271 
	C1685.458984,133.947479 1685.156494,135.327682 1684.653442,136.630371 
	C1679.558960,149.825348 1674.287598,162.954712 1669.411377,176.229385 
	C1668.133545,179.707718 1666.317139,180.583908 1662.858521,180.568222 
	C1635.533447,180.444153 1608.206787,180.609024 1580.882812,180.389023 
	C1576.465088,180.353470 1574.843140,181.852768 1574.029297,185.977936 
	C1572.004639,196.239731 1569.563721,206.419403 1567.134277,217.331284 
	C1569.385986,217.592667 1571.259155,217.874146 1573.142822,218.019073 
	C1598.180176,219.945435 1622.857544,223.474564 1645.331421,235.702164 
	C1671.797607,250.101913 1688.412476,271.353485 1690.659424,302.297729 
	C1692.917847,333.399231 1675.749878,362.606567 1646.745361,376.205322 
	C1621.496948,388.042969 1595.490601,389.762543 1569.107544,380.227692 
	C1560.106689,376.974854 1551.985107,372.053711 1545.724365,364.544281 
	C1540.089355,357.785248 1537.760010,350.044250 1538.901367,341.299103 
	C1540.079590,332.271362 1547.033447,326.135437 1556.307495,325.906250 
	C1566.166382,325.662598 1572.033691,330.317291 1573.814697,339.997253 
	C1574.385864,343.102173 1574.661133,346.271606 1574.909058,349.424316 
	C1576.113037,364.732391 1586.705688,375.227661 1602.114380,376.013336 
	C1622.824097,377.069397 1639.405151,369.208282 1650.223633,351.455811 
	C1661.027344,333.727478 1660.296265,315.146881 1650.522949,297.211578 
	C1640.290283,278.433105 1623.042725,268.332214 1603.104492,263.359406 
	C1589.462769,259.957031 1575.237793,258.878082 1561.261597,256.842499 
	C1558.014404,256.369537 1554.718750,256.230530 1550.996582,255.897766 
	C1551.701904,252.691940 1552.300049,249.973419 1552.962524,246.842163 
M1655.762329,356.822632 
	C1655.687622,356.429779 1655.613037,356.036926 1655.538330,355.644043 
	C1655.199219,355.944336 1654.860229,356.244629 1654.157715,356.962830 
	C1654.186523,357.217316 1654.215210,357.471802 1654.244019,357.726288 
	C1654.561890,357.552704 1654.879761,357.379120 1655.762329,356.822632 
M1656.530762,293.057098 
	C1667.568359,313.859192 1668.090332,334.664764 1656.242554,355.621552 
	C1657.979736,354.605072 1659.156982,353.478912 1660.203735,352.242218 
	C1686.521851,321.144562 1679.308716,276.744659 1644.427246,255.058838 
	C1626.841431,244.125763 1607.404297,238.673019 1587.101318,235.971619 
	C1579.261719,234.928543 1571.342773,234.480637 1563.471680,233.762634 
	C1562.109131,239.623856 1560.964966,244.545456 1559.864624,249.278259 
	C1571.903076,250.892700 1583.343994,251.962723 1594.601562,254.030914 
	C1620.080078,258.711761 1641.997437,269.428802 1656.530762,293.057098 
M1579.275757,167.694733 
	C1603.907715,167.732941 1628.539917,167.799210 1653.171509,167.736237 
	C1654.577515,167.732635 1656.780762,167.044815 1657.248901,166.040009 
	C1659.439697,161.336182 1661.152100,156.409531 1663.160767,151.240250 
	C1635.549683,156.623184 1608.361328,152.518951 1580.867188,154.395386 
	C1580.084106,158.675674 1579.289185,163.020340 1579.275757,167.694733 
M1545.399658,342.128265 
	C1543.216675,357.379761 1559.656738,372.238281 1569.515625,373.346558 
	C1567.665161,371.162018 1565.778076,369.070862 1564.042603,366.860657 
	C1558.456787,359.746613 1558.120361,351.260376 1557.650391,342.746979 
	C1557.478394,339.631378 1556.875244,336.189056 1552.654053,335.805328 
	C1548.646973,335.441040 1546.492554,337.641296 1545.399658,342.128265 
z"/>
<path fill="#383F4E" opacity="1.000000" stroke="none" 
	d="
M1116.020264,292.906311 
	C1124.375366,311.093109 1132.569336,328.937927 1140.832764,346.750427 
	C1147.227905,360.535461 1156.799561,370.736389 1172.062134,374.793243 
	C1173.620361,375.207458 1174.568970,377.916016 1175.800537,379.559906 
	C1175.430176,379.966827 1175.059692,380.373779 1174.689331,380.780701 
	C1138.459106,380.780701 1102.229004,380.780701 1065.724731,380.780701 
	C1064.543213,377.235779 1064.825928,375.343872 1069.568726,374.809143 
	C1075.612671,374.127686 1081.814453,372.968170 1087.418213,370.703522 
	C1095.677734,367.365631 1098.988281,360.024994 1096.440796,351.485016 
	C1094.309570,344.339752 1091.371704,337.413544 1088.474487,330.523285 
	C1084.024170,319.939270 1079.226318,309.501709 1074.748047,298.929016 
	C1073.572632,296.154022 1072.171997,294.893799 1068.912109,294.911896 
	C1042.421997,295.058899 1015.930603,294.964569 989.440125,295.071442 
	C987.890686,295.077698 985.408386,295.780792 984.941040,296.850403 
	C979.091675,310.236481 971.887817,323.151825 969.682495,337.884247 
	C967.579102,351.936127 973.108643,362.847382 986.054810,368.897095 
	C992.187927,371.763123 998.831055,373.537689 1005.702271,375.969208 
	C1005.702271,377.127106 1005.702271,378.864166 1005.702271,380.893799 
	C976.132751,380.893799 946.731506,380.893799 917.310974,380.893799 
	C916.379089,377.607574 916.538147,375.372253 920.130554,374.001526 
	C932.377625,369.328339 942.129639,361.122192 948.844116,350.133270 
	C956.458130,337.672119 963.605652,324.797760 969.580627,311.485748 
	C994.044861,256.980499 1017.974976,202.235550 1042.163452,147.606186 
	C1042.909058,145.922012 1044.024658,143.767044 1045.505371,143.173874 
	C1048.675049,141.904129 1049.981445,144.320770 1051.175415,147.020493 
	C1066.052368,180.657593 1081.031494,214.249481 1095.986450,247.852005 
	C1102.618042,262.752625 1109.254639,277.651001 1116.020264,292.906311 
M1057.960205,201.514359 
	C1052.864380,190.067230 1047.768555,178.620102 1042.156616,166.013733 
	C1039.372437,172.386597 1037.339111,177.630035 1034.809814,182.622208 
	C1033.140747,185.916428 1033.340332,188.615891 1034.834229,191.960510 
	C1057.163330,241.953232 1079.258911,292.050385 1101.639404,342.020020 
	C1106.271118,352.361481 1106.975708,361.831604 1098.921509,370.740723 
	C1098.778442,370.898956 1098.946899,371.338867 1098.963745,371.564148 
	C1112.643799,371.564148 1126.296753,371.564148 1140.720703,371.564148 
	C1127.248413,358.089264 1120.316406,341.608673 1113.051025,325.373657 
	C1094.696777,284.359894 1076.500732,243.275284 1057.960205,201.514359 
M1060.816772,267.749329 
	C1050.312378,244.122925 1039.807983,220.496536 1028.797485,195.731964 
	C1015.251953,226.784225 1002.257202,256.573883 989.115295,286.700836 
	C1016.055115,286.700836 1042.339355,286.700836 1069.156860,286.700836 
	C1066.309937,280.271332 1063.694946,274.365784 1060.816772,267.749329 
M966.672729,364.774261 
	C964.608093,358.959991 962.543457,353.145691 960.817322,348.284668 
	C954.789551,355.475464 947.970276,363.610535 941.255005,371.621521 
	C950.678528,371.621521 960.635620,371.621521 971.199585,371.621521 
	C969.583618,369.205322 968.315308,367.308899 966.672729,364.774261 
z"/>
<path fill="#39404F" opacity="1.000000" stroke="none" 
	d="
M1329.869995,212.895355 
	C1316.834351,229.160156 1303.974731,245.112717 1291.259399,261.179291 
	C1289.907959,262.886810 1288.625854,265.259155 1288.618774,267.327484 
	C1288.538696,290.817200 1288.715210,314.307861 1288.819458,337.798248 
	C1288.908691,357.893005 1298.246582,368.773499 1320.343262,374.048248 
	C1323.732178,374.857208 1328.322876,374.535950 1326.055786,380.798279 
	C1287.805786,380.798279 1249.412109,380.798279 1210.742554,380.798279 
	C1209.368896,377.282562 1209.980591,375.277527 1214.308960,374.360779 
	C1219.318848,373.299622 1224.366455,371.877319 1229.020142,369.775696 
	C1242.184814,363.830383 1247.765015,352.861816 1247.890015,338.899689 
	C1248.082397,317.408356 1248.085205,295.914673 1248.007202,274.422577 
	C1248.000488,272.596191 1247.135742,270.530884 1246.073730,268.986298 
	C1226.729492,240.853027 1207.348145,212.744827 1187.830200,184.731934 
	C1184.125122,179.414200 1179.985107,174.367599 1175.722656,169.477463 
	C1168.910645,161.662308 1160.864014,155.726700 1150.324707,153.718842 
	C1149.191040,153.502853 1147.919678,151.388321 1147.709106,150.003036 
	C1147.596191,149.259384 1149.604370,147.391357 1150.658691,147.388870 
	C1185.475708,147.306641 1220.292847,147.388885 1255.110107,147.455704 
	C1255.254883,147.455994 1255.399414,147.583084 1255.917725,147.826279 
	C1255.917725,149.368164 1255.917725,151.088547 1255.917725,153.000839 
	C1251.037720,153.648514 1246.226196,154.020599 1241.529907,154.965836 
	C1231.707397,156.942810 1227.706543,163.224716 1230.303101,172.890930 
	C1231.279175,176.524673 1232.881958,180.188080 1235.006348,183.284088 
	C1251.586060,207.447174 1268.362793,231.475235 1285.288208,255.846802 
	C1286.207886,255.008377 1286.975098,254.466431 1287.546387,253.764969 
	C1300.170044,238.264389 1312.945557,222.882339 1325.277344,207.152512 
	C1329.237183,202.101654 1332.736328,196.424240 1335.196411,190.513290 
	C1342.320557,173.395111 1334.499146,158.997589 1316.425293,155.064713 
	C1312.541504,154.219589 1308.569824,153.777756 1304.301270,153.096268 
	C1304.301270,151.316315 1304.301270,149.599197 1304.301270,147.578461 
	C1334.819946,147.578461 1365.221924,147.578461 1397.519531,147.578461 
	C1395.651367,150.496643 1394.838989,153.499130 1393.213989,154.034592 
	C1377.749756,159.129883 1365.941162,169.184250 1355.668579,181.247543 
	C1346.923096,191.517593 1338.598511,202.146103 1329.869995,212.895355 
M1226.265259,198.232590 
	C1222.544312,192.130096 1218.331543,186.266953 1215.217773,179.868988 
	C1210.556396,170.291382 1210.892212,161.849609 1219.865723,154.880753 
	C1219.989990,154.784225 1219.830200,154.322021 1219.816650,154.177261 
	C1203.130493,154.177261 1186.476562,154.177261 1170.501343,154.177261 
	C1176.319336,160.583679 1182.937866,166.553085 1187.975098,173.645523 
	C1210.154785,204.874207 1231.896729,236.414215 1253.705566,267.904846 
	C1254.664062,269.288666 1255.136108,271.294556 1255.139282,273.011932 
	C1255.188599,299.503113 1255.042603,325.994873 1255.144897,352.485687 
	C1255.167603,358.372986 1253.049805,362.739288 1248.247437,366.014832 
	C1245.933838,367.592804 1243.792480,369.423279 1240.995972,371.585632 
	C1256.824951,371.585632 1271.517700,371.585632 1287.123047,371.585632 
	C1285.088135,369.986969 1283.890869,368.841064 1282.509766,367.996033 
	C1275.467285,363.687317 1272.652466,357.691986 1272.776611,349.240509 
	C1273.166138,322.754883 1272.982300,296.258698 1272.745483,269.769043 
	C1272.718018,266.699982 1271.641724,263.181671 1269.906982,260.658783 
	C1255.657349,239.936295 1241.136719,219.400223 1226.265259,198.232590 
M1334.326416,153.884491 
	C1333.481079,154.043335 1332.635864,154.202179 1330.880615,154.531998 
	C1339.970581,159.527435 1344.096802,166.667160 1344.256714,176.619812 
	C1351.863770,168.493301 1358.925293,160.949768 1365.540405,153.882919 
	C1356.355713,153.882919 1345.756104,153.882919 1334.326416,153.884491 
z"/>
<path fill="#39404F" opacity="1.000000" stroke="none" 
	d="
M1486.933350,157.008972 
	C1486.933472,213.496292 1486.911255,269.485840 1486.966797,325.475281 
	C1486.972656,331.461029 1487.296143,337.455627 1487.707397,343.429962 
	C1488.715820,358.070770 1497.397461,366.646027 1510.505493,371.369324 
	C1515.332764,373.108765 1520.407593,374.161438 1525.750488,375.632263 
	C1525.750488,377.118469 1525.750488,378.852448 1525.750488,380.887848 
	C1486.519897,380.887848 1447.420410,380.887848 1408.095581,380.887848 
	C1406.675903,377.367798 1407.113281,375.389465 1411.527222,374.376587 
	C1417.315918,373.048248 1423.108276,371.261414 1428.507935,368.810181 
	C1439.936890,363.621765 1445.283569,354.043213 1445.952637,341.803467 
	C1446.397949,333.656860 1446.574707,325.484924 1446.551880,317.325226 
	C1446.439331,277.003693 1446.247314,236.682236 1445.986206,196.361389 
	C1445.965820,193.226913 1445.361084,190.064972 1444.748047,186.971329 
	C1442.769409,176.986969 1436.634033,170.711609 1426.910889,168.175995 
	C1420.994019,166.632980 1414.914307,165.714447 1408.838379,164.501572 
	C1408.097900,161.518509 1407.716553,159.017334 1411.869263,158.167526 
	C1436.000610,153.229218 1460.104858,148.159058 1484.222778,143.154831 
	C1484.850220,143.024673 1485.528198,143.138443 1486.933472,143.138443 
	C1486.933472,147.665588 1486.933472,152.088379 1486.933350,157.008972 
M1471.117065,210.500000 
	C1471.117065,191.736191 1471.117065,172.972382 1471.117065,153.613525 
	C1457.886230,156.365036 1445.412720,158.959045 1432.939209,161.553040 
	C1436.125366,164.607712 1439.181885,166.623123 1442.459351,168.170273 
	C1450.650879,172.036972 1453.779419,178.276535 1453.747314,187.358658 
	C1453.560791,240.156799 1453.755493,292.956238 1453.788696,345.755249 
	C1453.790527,348.746796 1454.114868,351.942352 1453.201050,354.679718 
	C1452.001587,358.272888 1450.134521,361.834137 1447.780151,364.793091 
	C1445.724854,367.376312 1442.597046,369.106049 1439.395996,371.647095 
	C1455.002075,371.647095 1469.688354,371.647095 1485.304443,371.647095 
	C1483.529663,370.137207 1482.560303,369.015289 1481.345093,368.326813 
	C1473.344849,363.793823 1470.885742,357.027679 1470.956299,347.913727 
	C1471.307983,302.444794 1471.117065,256.971649 1471.117065,210.500000 
z"/>
<path fill="#FEFDFC" opacity="1.000000" stroke="none" 
	d="
M209.235321,223.997894 
	C209.141113,212.000458 208.898956,200.500626 209.055664,189.006226 
	C209.108337,185.142807 207.922668,183.547974 204.035553,183.613403 
	C200.773865,183.668320 197.504440,183.263184 193.249954,183.000763 
	C192.379654,230.155869 191.520920,276.683807 190.657776,323.450836 
	C188.102814,323.450836 185.660828,323.450836 182.300812,323.450836 
	C182.300812,321.479156 182.300812,319.574982 182.300812,317.670807 
	C182.300812,273.344788 182.241577,229.018555 182.403183,184.693115 
	C182.417496,180.765640 181.374268,178.551987 177.696869,177.207474 
	C173.681396,175.739380 169.819901,173.850204 164.585007,171.577454 
	C163.186966,219.343887 164.344742,266.144806 163.608917,314.264893 
	C159.091537,309.243896 155.205856,305.251404 151.775482,300.899933 
	C150.829178,299.699524 151.057449,297.429413 151.054947,295.649719 
	C150.994003,252.323593 150.941727,208.997345 151.013245,165.671341 
	C151.018753,162.338196 150.274033,160.120377 147.180023,158.416748 
	C140.196350,154.571457 133.565292,150.066101 126.488213,146.415878 
	C119.976212,143.057129 113.053802,142.966827 106.272575,146.177963 
	C100.012703,149.142227 96.798416,154.388596 97.535606,160.475494 
	C98.214439,166.080566 102.126244,169.523331 109.286514,170.802841 
	C109.930595,170.917938 110.586136,170.968887 111.340912,171.062607 
	C103.498711,179.172867 85.928268,175.888351 81.449776,165.623718 
	C75.278526,151.479340 79.284859,136.356766 92.384285,127.784447 
	C109.814674,116.377953 128.198715,116.460434 146.361359,125.885155 
	C157.124542,131.470245 167.211487,138.342331 177.776810,144.328064 
	C206.084869,160.365814 234.242981,159.309113 262.070435,143.021606 
	C269.820465,138.485474 277.301788,133.486115 285.095490,129.030014 
	C292.472443,124.812202 300.350647,122.297157 308.954407,124.870102 
	C317.909119,127.547997 322.779938,133.765381 321.861969,142.976852 
	C320.147583,160.179443 317.910187,177.334656 315.629883,194.474930 
	C312.560211,217.548721 309.316986,240.600189 306.010895,263.641510 
	C303.274719,282.711060 301.554443,302.048492 294.522369,320.193817 
	C279.731293,358.359894 251.211716,379.958008 211.189911,384.979401 
	C166.468796,390.590363 130.573273,374.004547 106.116608,336.016754 
	C87.199417,306.633270 86.590996,274.729034 98.873291,242.571594 
	C104.449753,227.971344 111.372437,213.889526 117.463181,199.479034 
	C119.463005,194.747482 120.961815,189.775986 122.342178,184.817444 
	C124.431664,177.311584 124.013367,170.000916 119.853683,163.130722 
	C118.969872,161.671005 118.486839,159.968613 118.342499,158.079071 
	C126.321960,162.156342 132.657608,168.185318 132.935089,177.134232 
	C133.256287,187.493423 132.118851,198.025177 130.446793,208.291809 
	C127.157021,228.491608 122.363693,248.555573 123.399864,269.156158 
	C124.978996,300.551697 139.235352,324.569672 168.470551,337.260498 
	C200.209595,351.038269 235.525604,337.055481 248.777206,306.398499 
	C268.485413,260.804474 285.764465,214.159714 304.019867,167.939453 
	C306.093781,162.688599 307.958008,157.341385 309.629089,151.948883 
	C311.226196,146.794968 309.570984,142.306534 305.439911,139.723236 
	C301.176788,137.057388 297.952423,139.481766 294.633240,141.932266 
	C283.394104,150.229950 278.691772,161.310257 277.704010,175.245087 
	C277.055664,184.392227 273.087616,193.304062 270.606262,202.321274 
	C269.726440,202.208694 268.846588,202.096130 267.966766,201.983551 
	C267.966766,191.174850 267.966766,180.366150 267.966766,169.557465 
	C267.331329,169.262238 266.695923,168.967026 266.060486,168.671799 
	C261.002533,171.661423 255.840866,174.497177 250.977173,177.775024 
	C250.043686,178.404114 250.027328,180.769272 250.017197,182.336319 
	C249.886795,202.496994 249.837128,222.658188 249.761154,242.819214 
	C249.714218,255.274567 245.152283,266.413422 238.602646,277.300049 
	C238.602646,245.813507 238.602646,214.326950 238.602646,181.955612 
	C233.074860,182.670044 228.634064,182.932983 224.389969,183.987518 
	C223.162643,184.292480 221.776276,186.834366 221.697372,188.412445 
	C221.223587,197.889801 221.005554,207.383942 220.894806,216.874710 
	C220.575989,244.197769 220.389282,271.522430 220.044754,298.845123 
	C219.990402,303.154938 219.511139,307.473694 218.969955,311.755676 
	C218.770706,313.332275 218.096481,315.026062 217.128723,316.269226 
	C216.423096,317.175659 214.796036,317.967133 213.740555,317.799194 
	C212.963257,317.675537 211.965408,315.953400 211.888199,314.884125 
	C211.240768,305.919403 210.531540,296.946899 210.319504,287.965424 
	C209.820114,266.812836 209.585175,245.653961 209.235321,223.997894 
z"/>
<path fill="#B6B8C3" opacity="1.000000" stroke="none" 
	d="
M788.707703,160.181030 
	C813.007507,175.965576 819.507996,211.551346 802.552979,234.486328 
	C796.039490,243.297165 787.088867,248.552109 776.422974,249.417618 
	C758.550720,250.867859 740.593567,251.273392 722.396057,252.131592 
	C722.098694,249.702744 721.807495,248.434662 721.808533,247.166809 
	C721.824951,227.338593 721.657776,207.506790 721.979919,187.683090 
	C722.392212,162.304276 734.052734,151.377411 759.418396,151.916702 
	C769.782593,152.137054 779.499756,154.555710 788.707703,160.181030 
z"/>
<path fill="#B5B7C2" opacity="1.000000" stroke="none" 
	d="
M699.999390,371.958160 
	C691.391052,371.958160 683.282471,371.958160 673.775513,371.958160 
	C677.501099,369.046844 680.151550,366.921448 682.860046,364.872864 
	C686.256775,362.303680 688.179199,359.058136 688.182251,354.677429 
	C688.184937,350.848969 688.575745,347.020782 688.577820,343.192383 
	C688.606323,290.698364 688.597046,238.204330 688.597046,185.710312 
	C688.597046,185.210373 688.550598,184.705597 688.602783,184.211197 
	C689.815186,172.716278 686.371399,163.597458 675.461060,158.212570 
	C674.466187,157.721573 673.661926,156.844437 671.758362,155.356567 
	C689.047241,155.356567 705.185608,155.356567 722.173950,155.356567 
	C719.550293,157.484940 717.373596,159.585510 714.883850,161.204666 
	C708.598267,165.292435 705.950256,170.798080 705.971924,178.411545 
	C706.132996,235.070862 706.167603,291.731598 705.883667,348.390076 
	C705.838867,357.325806 708.558411,363.887177 716.249451,368.389984 
	C717.449341,369.092468 718.423035,370.181305 720.528137,371.958160 
	C712.999878,371.958160 706.749573,371.958160 699.999390,371.958160 
z"/>
<path fill="#B3B6C1" opacity="1.000000" stroke="none" 
	d="
M783.851440,262.133850 
	C789.816101,265.505707 796.334778,268.179138 801.637573,272.385437 
	C815.417786,283.316223 824.375488,298.283875 833.873230,312.785095 
	C843.341003,327.240509 852.506836,342.001251 863.257751,355.468506 
	C869.766602,363.621979 879.032959,369.575317 887.070068,376.505951 
	C887.881470,377.205658 888.760071,377.827545 889.422852,378.787964 
	C874.697144,375.546387 861.635498,368.927399 850.083801,359.382141 
	C830.395142,343.113129 817.543823,321.796417 806.068726,299.449493 
	C799.548706,286.752258 794.132019,273.373596 784.077271,262.375122 
	C783.895447,262.097137 783.851440,262.133850 783.851440,262.133850 
z"/>
<path fill="#B3B5C0" opacity="1.000000" stroke="none" 
	d="
M829.096191,228.012451 
	C820.964539,239.068222 809.937927,245.052124 797.107544,248.729858 
	C813.920593,237.558411 819.170044,221.176041 819.042542,202.224426 
	C818.912170,182.851105 810.695679,167.717606 795.212280,156.122391 
	C810.901306,159.799927 823.533813,167.793854 831.327148,181.911072 
	C839.863770,197.374893 839.085876,212.853546 829.096191,228.012451 
z"/>
<path fill="#B3B6C1" opacity="1.000000" stroke="none" 
	d="
M783.919434,262.081512 
	C783.846741,261.956360 783.750000,261.846802 783.653320,261.737244 
	C783.768555,261.760223 783.883850,261.783203 783.925293,261.970032 
	C783.851440,262.133850 783.895447,262.097137 783.919434,262.081512 
z"/>
<path fill="#B3B5C0" opacity="1.000000" stroke="none" 
	d="
M795.421875,249.576019 
	C795.322693,249.448425 795.691101,249.397430 795.691101,249.397430 
	C795.691101,249.397430 795.520996,249.703629 795.421875,249.576019 
z"/>
<path fill="#B3B5C0" opacity="1.000000" stroke="none" 
	d="
M793.673706,155.639709 
	C793.461975,155.665100 793.383301,155.582123 793.304565,155.499146 
	C793.471985,155.509872 793.639343,155.520584 793.673706,155.639709 
z"/>
<path fill="#B6B8C3" opacity="1.000000" stroke="none" 
	d="
M1830.336182,154.514282 
	C1844.630005,163.921051 1851.947632,177.811737 1857.037354,193.049667 
	C1866.529541,221.467224 1867.960327,250.840546 1866.483276,280.460510 
	C1865.433472,301.508667 1863.045166,322.458893 1853.832275,341.691254 
	C1849.797241,350.114380 1844.436523,358.353180 1838.017822,365.095459 
	C1821.707520,382.228668 1797.933228,381.121552 1782.226440,363.398682 
	C1770.255859,349.891754 1764.130371,333.557709 1760.654175,316.252319 
	C1752.840698,277.354279 1752.506958,238.477753 1763.140625,199.978760 
	C1767.253296,185.089188 1773.459473,171.043655 1785.008545,160.182266 
	C1798.377930,147.609009 1813.822510,145.718307 1830.336182,154.514282 
z"/>
<path fill="#B3B6C1" opacity="1.000000" stroke="none" 
	d="
M1765.427612,364.695404 
	C1739.422241,344.414795 1724.840820,317.478210 1720.098511,285.210693 
	C1715.931274,256.855316 1719.467041,229.435333 1732.499390,203.595169 
	C1740.257324,188.212967 1750.759155,175.022034 1764.354004,164.364288 
	C1764.956543,163.891891 1765.670410,163.561523 1766.930542,163.448853 
	C1743.817261,192.896957 1737.121094,227.211853 1737.206299,263.236023 
	C1737.291138,299.133575 1743.487427,333.537567 1765.947754,363.633362 
	C1765.708374,364.361145 1765.567993,364.528259 1765.427612,364.695404 
z"/>
<path fill="#B4B6C1" opacity="1.000000" stroke="none" 
	d="
M1873.933350,255.034073 
	C1873.171875,231.797028 1870.544434,209.321457 1861.849854,188.105988 
	C1858.310791,179.470261 1853.151733,171.498367 1849.120117,163.103714 
	C1885.225220,194.128769 1894.916992,235.173508 1891.633545,280.464783 
	C1889.243408,313.435272 1876.260986,341.738586 1850.030762,364.074219 
	C1849.660156,362.568542 1849.455444,362.202484 1849.555176,362.075958 
	C1863.801636,343.975616 1869.099121,322.503510 1871.679321,300.372681 
	C1873.408813,285.538086 1873.255005,270.483978 1873.933350,255.034073 
z"/>
<path fill="#B3B6C1" opacity="1.000000" stroke="none" 
	d="
M1766.068604,363.951599 
	C1766.624023,363.809631 1766.881470,364.010193 1766.958008,364.742188 
	C1766.736694,365.309357 1766.618286,365.445160 1766.499756,365.580994 
	C1766.211548,365.450562 1765.957764,365.271301 1765.583008,364.869324 
	C1765.567993,364.528259 1765.708374,364.361145 1766.068604,363.951599 
z"/>
<path fill="#B3B6C1" opacity="1.000000" stroke="none" 
	d="
M1767.041016,364.977295 
	C1767.398682,365.117035 1767.570312,365.452972 1767.741943,365.788879 
	C1767.481201,365.829224 1767.220581,365.869537 1766.729736,365.745422 
	C1766.618286,365.445160 1766.736694,365.309357 1767.041016,364.977295 
z"/>
<path fill="#B5B7C2" opacity="1.000000" stroke="none" 
	d="
M561.266357,256.480133 
	C548.505249,260.567657 535.718567,260.995911 522.869324,260.913513 
	C516.220154,260.870880 509.570404,260.906006 502.317444,260.906006 
	C502.216187,259.089050 502.052521,257.507416 502.051392,255.925644 
	C502.036407,234.945923 501.972198,213.965775 502.097687,192.986771 
	C502.128448,187.843491 502.437469,182.646927 503.241638,177.573608 
	C505.585541,162.786331 513.872986,155.292099 530.235413,152.655396 
	C553.807617,148.856873 575.927063,158.591248 586.425049,177.383575 
	C598.251770,198.554352 594.447876,230.776596 577.618225,246.507690 
	C573.141785,250.691925 567.006042,253.101013 561.266357,256.480133 
z"/>
<path fill="#B5B7C2" opacity="1.000000" stroke="none" 
	d="
M468.957336,254.000000 
	C468.956757,230.003021 468.602966,206.498337 469.114960,183.012543 
	C469.346954,172.369827 466.865784,164.018082 456.872498,158.982468 
	C455.723022,158.403244 454.808167,157.358429 452.583099,155.556595 
	C469.931702,155.556595 485.986267,155.556595 502.583557,155.556595 
	C499.195740,158.203323 496.016815,160.756821 492.762817,163.210800 
	C488.943726,166.090942 486.679993,169.699432 486.692627,174.639755 
	C486.701569,178.134583 486.332275,181.630051 486.330597,185.125336 
	C486.305450,237.951859 486.499939,290.779541 486.170502,343.604034 
	C486.096222,355.509857 488.000824,365.538696 499.877869,371.511566 
	C485.164886,371.511566 470.451874,371.511566 454.602509,371.511566 
	C457.363708,369.397034 459.294922,367.670013 461.457397,366.311035 
	C466.786499,362.962006 468.916870,358.137878 468.892242,351.986298 
	C468.834900,337.655457 468.941223,323.324036 468.953552,308.992828 
	C468.969147,290.828552 468.957336,272.664276 468.957336,254.000000 
z"/>
<path fill="#B3B5C1" opacity="1.000000" stroke="none" 
	d="
M575.245728,155.721512 
	C599.570862,159.880630 618.505249,182.118118 617.878967,205.170502 
	C617.106384,233.608749 596.857849,251.813660 575.016479,257.186981 
	C596.303101,241.938446 601.708435,221.091141 599.719727,197.615036 
	C598.241821,180.169891 589.830444,166.469498 575.150757,156.292831 
	C575.085876,155.900360 575.245728,155.721512 575.245728,155.721512 
z"/>
<path fill="#B3B5C1" opacity="1.000000" stroke="none" 
	d="
M575.005981,155.989853 
	C574.477966,155.945801 574.029846,155.812256 572.440002,155.338516 
	C574.051270,155.338516 574.487732,155.338516 575.084961,155.530014 
	C575.245728,155.721512 575.085876,155.900360 575.005981,155.989853 
z"/>
<path fill="#B4B6C1" opacity="1.000000" stroke="none" 
	d="
M1656.328369,292.751343 
	C1641.997437,269.428802 1620.080078,258.711761 1594.601562,254.030914 
	C1583.343994,251.962723 1571.903076,250.892700 1559.864624,249.278259 
	C1560.964966,244.545456 1562.109131,239.623856 1563.471680,233.762634 
	C1571.342773,234.480637 1579.261719,234.928543 1587.101318,235.971619 
	C1607.404297,238.673019 1626.841431,244.125763 1644.427246,255.058838 
	C1679.308716,276.744659 1686.521851,321.144562 1660.203735,352.242218 
	C1659.156982,353.478912 1657.979736,354.605072 1656.242554,355.621552 
	C1668.090332,334.664764 1667.568359,313.859192 1656.328369,292.751343 
z"/>
<path fill="#B3B5C0" opacity="1.000000" stroke="none" 
	d="
M1578.885010,167.529877 
	C1579.289185,163.020340 1580.084106,158.675674 1580.867188,154.395386 
	C1608.361328,152.518951 1635.549683,156.623184 1663.160767,151.240250 
	C1661.152100,156.409531 1659.439697,161.336182 1657.248901,166.040009 
	C1656.780762,167.044815 1654.577515,167.732635 1653.171509,167.736237 
	C1628.539917,167.799210 1603.907715,167.732941 1578.885010,167.529877 
z"/>
<path fill="#B2B4BF" opacity="1.000000" stroke="none" 
	d="
M1545.491699,341.732788 
	C1546.492554,337.641296 1548.646973,335.441040 1552.654053,335.805328 
	C1556.875244,336.189056 1557.478394,339.631378 1557.650391,342.746979 
	C1558.120361,351.260376 1558.456787,359.746613 1564.042603,366.860657 
	C1565.778076,369.070862 1567.665161,371.162018 1569.515625,373.346558 
	C1559.656738,372.238281 1543.216675,357.379761 1545.491699,341.732788 
z"/>
<path fill="#B4B6C1" opacity="1.000000" stroke="none" 
	d="
M1654.521240,356.544922 
	C1654.860229,356.244629 1655.199219,355.944336 1655.538330,355.644073 
	C1655.613037,356.036926 1655.687622,356.429779 1655.312622,356.847107 
	C1654.862915,356.871582 1654.521240,356.544952 1654.521240,356.544922 
z"/>
<path fill="#B4B6C1" opacity="1.000000" stroke="none" 
	d="
M1655.030273,357.038574 
	C1654.879761,357.379120 1654.561890,357.552704 1654.244019,357.726288 
	C1654.215210,357.471802 1654.186523,357.217316 1654.339478,356.753906 
	C1654.521240,356.544952 1654.862915,356.871582 1655.030273,357.038574 
z"/>
<path fill="#B4B6C1" opacity="1.000000" stroke="none" 
	d="
M1058.100830,201.866714 
	C1076.500732,243.275284 1094.696777,284.359894 1113.051025,325.373657 
	C1120.316406,341.608673 1127.248413,358.089264 1140.720703,371.564148 
	C1126.296753,371.564148 1112.643799,371.564148 1098.963745,371.564148 
	C1098.946899,371.338867 1098.778442,370.898956 1098.921509,370.740723 
	C1106.975708,361.831604 1106.271118,352.361481 1101.639404,342.020020 
	C1079.258911,292.050385 1057.163330,241.953232 1034.834229,191.960510 
	C1033.340332,188.615891 1033.140747,185.916428 1034.809814,182.622208 
	C1037.339111,177.630035 1039.372437,172.386597 1042.156616,166.013733 
	C1047.768555,178.620102 1052.864380,190.067230 1058.100830,201.866714 
z"/>
<path fill="#B5B7C2" opacity="1.000000" stroke="none" 
	d="
M1060.948364,268.104797 
	C1063.694946,274.365784 1066.309937,280.271332 1069.156860,286.700836 
	C1042.339355,286.700836 1016.055115,286.700836 989.115295,286.700836 
	C1002.257202,256.573883 1015.251953,226.784225 1028.797485,195.731964 
	C1039.807983,220.496536 1050.312378,244.122925 1060.948364,268.104797 
z"/>
<path fill="#B3B5C0" opacity="1.000000" stroke="none" 
	d="
M966.859863,365.093384 
	C968.315308,367.308899 969.583618,369.205322 971.199585,371.621521 
	C960.635620,371.621521 950.678528,371.621521 941.255005,371.621521 
	C947.970276,363.610535 954.789551,355.475464 960.817322,348.284668 
	C962.543457,353.145691 964.608093,358.959991 966.859863,365.093384 
z"/>
<path fill="#B4B6C1" opacity="1.000000" stroke="none" 
	d="
M1226.481689,198.520096 
	C1241.136719,219.400223 1255.657349,239.936295 1269.906982,260.658783 
	C1271.641724,263.181671 1272.718018,266.699982 1272.745483,269.769043 
	C1272.982300,296.258698 1273.166138,322.754883 1272.776611,349.240509 
	C1272.652466,357.691986 1275.467285,363.687317 1282.509766,367.996033 
	C1283.890869,368.841064 1285.088135,369.986969 1287.123047,371.585632 
	C1271.517700,371.585632 1256.824951,371.585632 1240.995972,371.585632 
	C1243.792480,369.423279 1245.933838,367.592804 1248.247437,366.014832 
	C1253.049805,362.739288 1255.167603,358.372986 1255.144897,352.485687 
	C1255.042603,325.994873 1255.188599,299.503113 1255.139282,273.011932 
	C1255.136108,271.294556 1254.664062,269.288666 1253.705566,267.904846 
	C1231.896729,236.414215 1210.154785,204.874207 1187.975098,173.645523 
	C1182.937866,166.553085 1176.319336,160.583679 1170.501343,154.177261 
	C1186.476562,154.177261 1203.130493,154.177261 1219.816650,154.177261 
	C1219.830200,154.322021 1219.989990,154.784225 1219.865723,154.880753 
	C1210.892212,161.849609 1210.556396,170.291382 1215.217773,179.868988 
	C1218.331543,186.266953 1222.544312,192.130096 1226.481689,198.520096 
z"/>
<path fill="#B4B6C1" opacity="1.000000" stroke="none" 
	d="
M1334.741455,153.883698 
	C1345.756104,153.882919 1356.355713,153.882919 1365.540405,153.882919 
	C1358.925293,160.949768 1351.863770,168.493301 1344.256714,176.619812 
	C1344.096802,166.667160 1339.970581,159.527435 1330.880615,154.531998 
	C1332.635864,154.202179 1333.481079,154.043335 1334.741455,153.883698 
z"/>
<path fill="#B5B7C2" opacity="1.000000" stroke="none" 
	d="
M1471.117065,211.000000 
	C1471.117065,256.971649 1471.307983,302.444794 1470.956299,347.913727 
	C1470.885742,357.027679 1473.344849,363.793823 1481.345093,368.326813 
	C1482.560303,369.015289 1483.529663,370.137207 1485.304443,371.647095 
	C1469.688354,371.647095 1455.002075,371.647095 1439.395996,371.647095 
	C1442.597046,369.106049 1445.724854,367.376312 1447.780151,364.793091 
	C1450.134521,361.834137 1452.001587,358.272888 1453.201050,354.679718 
	C1454.114868,351.942352 1453.790527,348.746796 1453.788696,345.755249 
	C1453.755493,292.956238 1453.560791,240.156799 1453.747314,187.358658 
	C1453.779419,178.276535 1450.650879,172.036972 1442.459351,168.170273 
	C1439.181885,166.623123 1436.125366,164.607712 1432.939209,161.553040 
	C1445.412720,158.959045 1457.886230,156.365036 1471.117065,153.613525 
	C1471.117065,172.972382 1471.117065,191.736191 1471.117065,211.000000 
z"/>
</svg>