<svg version="1.1" id="Layer_1" xmlns="http://www.w3.org/2000/svg" xmlns:xlink="http://www.w3.org/1999/xlink" x="0px" y="0px"
	 width="100%" viewBox="0 0 200 200" enable-background="new 0 0 200 200" xml:space="preserve">
<path fill="#FFFFFF" opacity="1.000000" stroke="none" 
	d="
M116.000000,201.000000 
	C77.357201,201.000000 39.214397,201.000000 1.035799,201.000000 
	C1.035799,134.398911 1.035799,67.797783 1.035799,1.098330 
	C67.559296,1.098330 134.118790,1.098330 200.839142,1.098330 
	C200.839142,67.666351 200.839142,134.333145 200.839142,201.000000 
	C172.798065,201.000000 144.649033,201.000000 116.000000,201.000000 
M149.800919,62.508358 
	C149.548462,62.268074 149.296021,62.027790 148.911896,61.139099 
	C142.610168,55.737667 136.308426,50.336235 129.591660,44.393982 
	C120.314407,39.064495 110.357788,36.888695 99.702652,37.954975 
	C96.410103,38.284470 93.117493,38.613331 89.092514,38.958099 
	C87.721153,39.343945 86.349785,39.729786 84.372406,39.917141 
	C80.242279,41.438145 76.112152,42.959148 71.353928,44.621384 
	C59.294991,51.463757 50.265297,61.000290 44.793648,74.661636 
	C43.851288,78.075729 42.908928,81.489822 41.528030,85.537155 
	C34.550186,120.613815 58.234009,153.271042 93.821625,157.643921 
	C131.555878,162.280594 165.656509,128.814240 160.766098,91.302788 
	C160.563690,90.538116 160.361282,89.773438 160.328217,88.462524 
	C159.911942,87.891830 159.495667,87.321136 159.140518,85.899071 
	C157.112000,79.905380 155.083466,73.911690 153.016739,67.985847 
	C153.016739,67.985847 153.093185,67.971085 152.999557,67.338127 
	C152.365372,66.515129 151.731201,65.692139 151.068146,64.950233 
	C151.068146,64.950233 151.154175,64.953156 151.094788,64.360962 
	C150.722260,63.922054 150.349747,63.483147 150.003021,63.002083 
	C150.003021,63.002083 149.954834,63.013062 149.800919,62.508358 
z"/>
<path fill="#C67E36" opacity="1.000000" stroke="none" 
	d="
M160.612198,92.095642 
	C165.656509,128.814240 131.555878,162.280594 93.821625,157.643921 
	C58.234009,153.271042 34.550186,120.613815 41.746178,85.664337 
	C42.454784,92.452698 42.171562,99.284683 43.596615,105.739540 
	C46.571247,119.213310 54.482086,129.885727 64.038589,139.712280 
	C78.264786,154.340469 104.903961,157.478348 122.274437,149.237885 
	C144.774124,138.564163 156.956451,120.416031 159.059555,95.533936 
	C159.159393,94.352531 160.075974,93.240166 160.612198,92.095642 
z"/>
<path fill="#D58E36" opacity="1.000000" stroke="none" 
	d="
M160.689148,91.699219 
	C160.075974,93.240166 159.159393,94.352531 159.059555,95.533936 
	C156.956451,120.416031 144.774124,138.564163 122.274437,149.237885 
	C104.903961,157.478348 78.264786,154.340469 64.038589,139.712280 
	C54.482086,129.885727 46.571247,119.213310 43.596615,105.739540 
	C42.171562,99.284683 42.454784,92.452698 41.965446,85.347717 
	C42.908928,81.489822 43.851288,78.075729 45.237560,74.644569 
	C45.458488,77.751648 45.235504,80.875793 44.714466,84.287979 
	C44.280800,85.219353 44.027466,85.862518 44.026634,86.506020 
	C43.998726,108.130104 51.036705,126.298462 69.069435,139.527954 
	C87.836197,153.295944 108.051849,155.019516 127.669945,143.069885 
	C147.369659,131.070526 157.162781,113.184372 157.257034,89.893997 
	C157.995972,89.519058 158.479721,89.251633 159.163086,88.988213 
	C159.362732,88.992210 159.761032,88.989624 159.761032,88.989624 
	C159.761032,88.989624 160.158875,89.008766 160.158875,89.008766 
	C160.361282,89.773438 160.563690,90.538116 160.689148,91.699219 
z"/>
<path fill="#EFA344" opacity="1.000000" stroke="none" 
	d="
M45.012524,83.999939 
	C45.235504,80.875793 45.458488,77.751648 45.432171,74.337479 
	C50.265297,61.000290 59.294991,51.463757 71.669662,44.804848 
	C71.996239,45.327961 72.007088,45.667606 71.862015,46.306404 
	C67.266373,50.781216 62.339420,54.564598 58.553650,59.266758 
	C55.912239,62.547558 54.834187,67.087029 53.037796,71.382248 
	C52.993114,72.125320 52.968441,72.550430 52.632393,73.153900 
	C51.874474,74.887970 51.427937,76.443672 50.736023,78.165512 
	C50.325596,78.888451 50.160534,79.445251 49.866302,80.294846 
	C49.493050,81.391396 49.248974,82.195152 48.864357,83.318222 
	C48.487614,84.755783 48.251408,85.874016 47.903858,87.212158 
	C47.593700,87.709190 47.331955,87.899986 46.974941,87.672745 
	C46.299248,86.227333 45.655884,85.113640 45.012524,83.999939 
z"/>
<path fill="#F6C347" opacity="1.000000" stroke="none" 
	d="
M53.057812,71.064278 
	C54.834187,67.087029 55.912239,62.547558 58.553650,59.266758 
	C62.339420,54.564598 67.266373,50.781216 72.236580,46.298660 
	C76.837517,44.033051 80.907974,42.074341 84.978424,40.115631 
	C86.349785,39.729786 87.721153,39.343945 89.906029,38.970108 
	C92.500084,39.004314 94.280617,39.026508 95.962830,39.417229 
	C94.705788,40.195724 93.525452,40.553680 92.392097,41.024677 
	C87.461388,43.073792 81.010376,41.957016 77.739166,48.174751 
	C75.627167,49.545582 73.737869,50.675545 71.568542,51.951233 
	C70.141800,52.995186 68.995094,53.893414 67.535004,54.873795 
	C66.139397,55.959751 65.057175,56.963562 63.715347,58.094841 
	C62.961399,58.800365 62.467068,59.378426 61.676609,60.114349 
	C59.893345,62.512714 58.406208,64.753212 56.638348,67.136215 
	C55.889591,68.181503 55.421551,69.084282 54.702656,70.096512 
	C53.987137,70.492073 53.522472,70.778175 53.057812,71.064278 
z"/>
<path fill="#EDA143" opacity="1.000000" stroke="none" 
	d="
M130.006683,44.934799 
	C136.308426,50.336235 142.610168,55.737667 149.053757,61.718559 
	C149.448685,62.536366 149.701767,62.774715 149.954834,63.013062 
	C149.954834,63.013062 150.003021,63.002083 150.025467,63.325027 
	C150.416672,64.083031 150.785431,64.518089 151.154175,64.953156 
	C151.154175,64.953156 151.068146,64.950233 151.074951,65.248779 
	C151.752228,66.355247 152.422699,67.163170 153.093185,67.971085 
	C153.093185,67.971085 153.016739,67.985847 153.025177,68.364273 
	C154.022018,75.824196 155.010391,82.905693 155.747864,89.989365 
	C155.329697,89.991005 155.162415,89.990471 154.992935,89.653084 
	C154.656433,88.546425 154.322098,87.776611 153.969864,86.708321 
	C153.635040,85.939461 153.318130,85.469086 153.001129,84.625381 
	C152.658722,82.832489 152.316406,81.412933 151.972137,79.653275 
	C151.931824,78.861633 151.893448,78.410088 151.744965,77.636841 
	C151.084930,75.885612 150.535004,74.456070 149.982574,72.639450 
	C147.607910,61.697266 140.705688,54.652760 131.662231,48.972031 
	C130.875824,48.294228 130.405350,47.667168 129.952682,46.689499 
	C129.982574,45.870861 129.994629,45.402832 130.006683,44.934799 
z"/>
<path fill="#F1B050" opacity="1.000000" stroke="none" 
	d="
M129.799164,44.664391 
	C129.994629,45.402832 129.982574,45.870861 129.610794,46.677307 
	C128.172363,46.676243 127.093643,46.336758 125.968887,45.673935 
	C125.268715,44.907356 124.614578,44.464111 123.563995,44.016655 
	C122.110031,44.009537 121.052505,44.006626 119.826797,43.762768 
	C119.108612,43.350567 118.558609,43.179317 117.943558,42.644051 
	C113.565407,41.202190 109.252304,40.124352 104.494179,39.042488 
	C101.386490,39.041874 98.723824,39.045288 96.061157,39.048702 
	C94.280617,39.026508 92.500084,39.004314 90.272224,38.962299 
	C93.117493,38.613331 96.410103,38.284470 99.702652,37.954975 
	C110.357788,36.888695 120.314407,39.064495 129.799164,44.664391 
z"/>
<path fill="#E39443" opacity="1.000000" stroke="none" 
	d="
M155.998779,89.987183 
	C155.010391,82.905693 154.022018,75.824196 153.044281,68.330353 
	C155.083466,73.911690 157.112000,79.905380 159.085907,86.696953 
	C159.008698,87.991295 158.986069,88.487755 158.963455,88.984215 
	C158.479721,89.251633 157.995972,89.519058 157.006256,89.891037 
	C156.333115,89.992798 156.165955,89.989990 155.998779,89.987183 
z"/>
<path fill="#EFAC4C" opacity="1.000000" stroke="none" 
	d="
M84.675415,40.016388 
	C80.907974,42.074341 76.837517,44.033051 72.392502,45.999512 
	C72.007088,45.667606 71.996239,45.327961 71.983711,44.734234 
	C76.112152,42.959148 80.242279,41.438145 84.675415,40.016388 
z"/>
<path fill="#E39443" opacity="1.000000" stroke="none" 
	d="
M153.046371,67.654602 
	C152.422699,67.163170 151.752228,66.355247 151.089386,65.208237 
	C151.731201,65.692139 152.365372,66.515129 153.046371,67.654602 
z"/>
<path fill="#C67E36" opacity="1.000000" stroke="none" 
	d="
M159.163086,88.988213 
	C158.986069,88.487755 159.008698,87.991295 159.055359,87.122635 
	C159.495667,87.321136 159.911942,87.891830 160.243546,88.735641 
	C160.158875,89.008766 159.761032,88.989624 159.761032,88.989624 
	C159.761032,88.989624 159.362732,88.992210 159.163086,88.988213 
z"/>
<path fill="#E39443" opacity="1.000000" stroke="none" 
	d="
M151.124481,64.657059 
	C150.785431,64.518089 150.416672,64.083031 150.012573,63.346107 
	C150.349747,63.483147 150.722260,63.922054 151.124481,64.657059 
z"/>
<path fill="#E39443" opacity="1.000000" stroke="none" 
	d="
M149.877869,62.760712 
	C149.701767,62.774715 149.448685,62.536366 149.119598,62.042763 
	C149.296021,62.027790 149.548462,62.268074 149.877869,62.760712 
z"/>
<path fill="#DE9C39" opacity="1.000000" stroke="none" 
	d="
M155.747864,89.989365 
	C156.165955,89.989990 156.333115,89.992798 156.751038,89.998566 
	C157.162781,113.184372 147.369659,131.070526 127.669945,143.069885 
	C108.051849,155.019516 87.836197,153.295944 69.069435,139.527954 
	C51.036705,126.298462 43.998726,108.130104 44.026634,86.506020 
	C44.027466,85.862518 44.280800,85.219353 44.714466,84.287979 
	C45.655884,85.113640 46.299248,86.227333 46.973785,88.005043 
	C47.005238,89.112206 47.005512,89.555351 46.715881,90.271942 
	C46.618710,93.805801 46.496517,97.121506 47.057426,100.317307 
	C49.824802,116.084557 57.674591,128.991089 70.941002,137.797241 
	C86.680290,148.244873 103.433922,149.973175 121.428574,142.518311 
	C140.603561,134.574493 154.540604,112.938828 154.991669,93.594284 
	C154.993912,92.125977 154.994522,91.057953 154.995117,89.989929 
	C155.162415,89.990471 155.329697,89.991005 155.747864,89.989365 
z"/>
<path fill="#F5BE4E" opacity="1.000000" stroke="none" 
	d="
M48.015198,86.992249 
	C48.251408,85.874016 48.487614,84.755783 49.218586,83.379211 
	C51.808701,88.242172 54.637310,93.200668 55.819389,98.524734 
	C57.404633,105.664635 60.970387,111.312164 65.927437,116.303879 
	C66.543282,116.924026 67.981155,116.727859 69.235611,116.971634 
	C69.433090,117.033318 69.826889,117.160591 69.880249,117.414902 
	C70.295601,118.256989 70.657593,118.844765 71.172485,119.808319 
	C72.874718,120.485878 74.424026,120.787682 75.985443,121.458206 
	C77.100220,123.104347 77.955437,124.843201 79.343849,125.587776 
	C93.164284,132.999252 107.246826,132.277206 121.233162,126.188042 
	C122.918304,125.454391 123.781761,122.833382 125.437302,121.065178 
	C127.226021,120.501869 128.603485,119.960518 129.934525,119.300407 
	C129.888092,119.181641 130.072113,119.005058 130.450150,119.003632 
	C133.551926,117.668030 136.275650,116.333862 138.965637,115.344742 
	C129.990250,129.074402 109.735352,135.659409 94.276726,133.735062 
	C82.578308,132.278809 73.345802,126.210197 63.727158,119.802887 
	C58.595295,112.199738 53.764771,104.883911 52.549953,95.685364 
	C52.147911,92.641121 49.588326,89.881828 48.015198,86.992249 
z"/>
<path fill="#F4C350" opacity="1.000000" stroke="none" 
	d="
M69.038124,116.909943 
	C67.981155,116.727859 66.543282,116.924026 65.927437,116.303879 
	C60.970387,111.312164 57.404633,105.664635 55.819389,98.524734 
	C54.637310,93.200668 51.808701,88.242172 49.359123,83.059891 
	C49.248974,82.195152 49.493050,81.391396 50.241600,80.293823 
	C51.496311,79.999596 52.246555,79.999199 52.999084,80.248657 
	C53.001373,80.498512 53.004387,80.998245 53.007320,81.371376 
	C53.347252,82.836830 53.523243,84.014107 54.047501,85.007614 
	C57.330009,91.228287 60.526730,97.504074 64.089310,103.563194 
	C66.056335,106.908669 68.680153,109.867966 70.854553,113.287888 
	C70.146851,114.686264 69.592491,115.798103 69.038124,116.909943 
z"/>
<path fill="#F2B746" opacity="1.000000" stroke="none" 
	d="
M47.903854,87.212158 
	C49.588326,89.881828 52.147911,92.641121 52.549953,95.685364 
	C53.764771,104.883911 58.595295,112.199738 63.560093,120.048363 
	C63.112282,120.660141 62.557209,120.830048 61.697815,120.851883 
	C54.410290,114.077019 51.995087,105.325218 49.952969,96.364204 
	C49.677689,95.156250 48.672428,94.114655 48.002110,92.658455 
	C47.667946,91.546753 47.336864,90.772629 47.005783,89.998505 
	C47.005512,89.555351 47.005238,89.112206 47.006119,88.336754 
	C47.331955,87.899986 47.593700,87.709190 47.903854,87.212158 
z"/>
<path fill="#F8D561" opacity="1.000000" stroke="none" 
	d="
M53.004387,80.998245 
	C53.004387,80.998245 53.001373,80.498512 52.958565,79.926483 
	C52.270969,78.902763 51.626186,78.451073 50.981400,77.999382 
	C51.427937,76.443672 51.874474,74.887970 52.942139,73.301247 
	C55.708858,74.515930 57.854454,75.761627 60.036110,77.356087 
	C61.048397,79.802422 62.024624,81.899986 62.635574,83.959808 
	C60.847191,83.615211 59.424080,83.308372 57.690384,82.865646 
	C55.921329,82.152588 54.462856,81.575417 53.004387,80.998245 
z"/>
<path fill="#F9DD6F" opacity="1.000000" stroke="none" 
	d="
M60.000050,77.007324 
	C57.854454,75.761627 55.708858,74.515930 53.253517,73.122887 
	C52.968441,72.550430 52.993114,72.125320 53.037796,71.382248 
	C53.522472,70.778175 53.987137,70.492073 55.065369,70.134506 
	C58.784740,71.375771 61.890549,72.688492 64.997345,74.376343 
	C64.996857,75.501869 64.995377,76.252274 64.577744,77.003235 
	C62.774406,77.004982 61.387226,77.006149 60.000050,77.007324 
z"/>
<path fill="#F7CD54" opacity="1.000000" stroke="none" 
	d="
M50.736027,78.165512 
	C51.626186,78.451073 52.270969,78.902763 52.956276,79.676620 
	C52.246555,79.999199 51.496311,79.999596 50.370773,80.001022 
	C50.160534,79.445251 50.325596,78.888451 50.736027,78.165512 
z"/>
<path fill="#FEF79B" opacity="1.000000" stroke="none" 
	d="
M61.972733,59.956482 
	C62.467068,59.378426 62.961399,58.800365 63.933022,58.384933 
	C74.023163,60.698158 83.575043,64.203651 93.265053,64.639740 
	C104.184341,65.131157 115.260834,63.105106 126.199562,61.651810 
	C129.953476,61.153080 133.498184,59.079742 137.421204,57.816811 
	C138.155045,58.272598 138.606125,58.637352 139.128952,59.235321 
	C139.389801,59.763706 139.658554,59.931061 140.077454,60.211636 
	C140.181427,60.616718 140.214874,60.780766 139.873383,60.986885 
	C137.332245,62.352184 135.166031,63.675419 132.583069,65.008240 
	C128.594574,65.580162 125.040276,66.325554 121.447556,66.668221 
	C112.927734,67.480812 104.360474,68.900887 95.866730,68.590118 
	C86.214142,68.236946 76.620689,66.267471 66.701370,64.854774 
	C64.925049,63.124786 63.448887,61.540634 61.972733,59.956482 
z"/>
<path fill="#FEF9AA" opacity="1.000000" stroke="none" 
	d="
M137.138474,57.725769 
	C133.498184,59.079742 129.953476,61.153080 126.199562,61.651810 
	C115.260834,63.105106 104.184341,65.131157 93.265053,64.639740 
	C83.575043,64.203651 74.023163,60.698158 64.192635,58.257462 
	C65.057175,56.963562 66.139397,55.959751 67.765747,55.193474 
	C81.048454,59.283062 93.768951,63.825874 107.362663,61.261066 
	C116.354118,59.564594 125.183418,57.008648 134.359375,54.976166 
	C135.468445,55.985157 136.303452,56.855461 137.138474,57.725769 
z"/>
<path fill="#FFFCC9" opacity="1.000000" stroke="none" 
	d="
M71.848579,51.805504 
	C73.737869,50.675545 75.627167,49.545582 78.006683,48.208839 
	C78.675560,48.020592 78.854225,48.039131 79.256050,48.320274 
	C90.273064,54.267807 101.450676,56.007114 113.241951,51.999878 
	C116.622276,50.851086 120.081177,49.933475 123.848206,48.878365 
	C126.514702,50.236916 128.837051,51.626968 130.718582,53.010433 
	C125.749886,53.879204 121.075623,54.302147 116.720467,55.711319 
	C101.148544,60.749813 86.421043,57.489914 71.848579,51.805504 
z"/>
<path fill="#FEFAB9" opacity="1.000000" stroke="none" 
	d="
M71.568542,51.951233 
	C86.421043,57.489914 101.148544,60.749813 116.720467,55.711319 
	C121.075623,54.302147 125.749886,53.879204 130.955261,53.200535 
	C132.417145,53.613178 133.201538,53.829136 134.014160,54.242760 
	C134.042419,54.440430 134.085312,54.837479 134.085312,54.837479 
	C125.183418,57.008648 116.354118,59.564594 107.362663,61.261066 
	C93.768951,63.825874 81.048454,59.283062 68.079132,55.111320 
	C68.995094,53.893414 70.141800,52.995186 71.568542,51.951233 
z"/>
<path fill="#FADF57" opacity="1.000000" stroke="none" 
	d="
M79.032883,48.057671 
	C78.854225,48.039131 78.675560,48.020592 78.229385,47.967972 
	C81.010376,41.957016 87.461388,43.073792 92.392097,41.024677 
	C93.525452,40.553680 94.705788,40.195724 95.962830,39.417229 
	C98.723824,39.045288 101.386490,39.041874 104.596237,39.416836 
	C109.431747,40.866161 113.720177,41.937115 118.008614,43.008068 
	C118.558609,43.179317 119.108612,43.350567 119.825966,44.122463 
	C120.000305,45.442661 120.007278,46.162220 119.705475,46.927044 
	C118.773987,46.947769 118.151268,46.923222 117.283783,46.559822 
	C106.700119,42.684990 96.327469,41.466282 85.512268,45.820469 
	C83.111038,46.601826 81.071960,47.329746 79.032883,48.057671 
z"/>
<path fill="#FCEB8C" opacity="1.000000" stroke="none" 
	d="
M61.676605,60.114349 
	C63.448887,61.540634 64.925049,63.124786 66.700706,65.229385 
	C67.001266,66.499069 67.002335,67.248322 66.893730,68.217758 
	C66.582558,68.712486 66.319305,68.900635 65.605148,68.995560 
	C62.450356,68.323723 59.684711,67.658722 56.919067,66.993713 
	C58.406208,64.753212 59.893345,62.512714 61.676605,60.114349 
z"/>
<path fill="#FAE57A" opacity="1.000000" stroke="none" 
	d="
M56.638351,67.136215 
	C59.684711,67.658722 62.450356,68.323723 65.606750,69.370132 
	C65.999870,70.500847 66.002228,71.250145 65.758194,72.166206 
	C65.339989,72.889046 65.168175,73.445137 64.996353,74.001221 
	C61.890549,72.688492 58.784740,71.375771 55.316223,70.025055 
	C55.421551,69.084282 55.889591,68.181503 56.638351,67.136215 
z"/>
<path fill="#F0B042" opacity="1.000000" stroke="none" 
	d="
M48.005188,92.996033 
	C48.672428,94.114655 49.677689,95.156250 49.952969,96.364204 
	C51.995087,105.325218 54.410290,114.077019 61.745239,121.185120 
	C63.397480,122.444695 64.697975,123.222954 66.033615,124.348206 
	C70.527054,127.865837 74.599762,131.936951 79.514572,134.041443 
	C95.451797,140.865677 111.379150,139.663620 126.823128,131.984283 
	C127.801567,131.497757 128.286240,130.018204 129.250153,129.000122 
	C129.499695,128.999619 129.998779,128.998413 130.345413,128.964233 
	C132.127884,127.619934 133.563721,126.309814 135.218750,124.891541 
	C135.711349,124.583832 135.898499,124.322502 136.343628,123.965729 
	C138.124832,122.287750 139.561813,120.643417 140.999390,118.749573 
	C141.000000,118.500069 141.001022,118.001053 141.341248,117.966614 
	C142.453888,116.954475 143.226334,115.976776 144.032852,114.655685 
	C144.711685,112.875259 145.356445,111.438240 146.345612,109.947777 
	C147.126053,108.929291 147.562119,107.964249 148.006470,106.598701 
	C148.714844,103.205330 149.237534,100.156395 150.161026,97.234131 
	C151.256378,93.768059 152.696869,90.411064 153.987778,87.006798 
	C154.322098,87.776611 154.656433,88.546425 154.992935,89.653084 
	C154.994522,91.057953 154.993912,92.125977 154.616959,93.673882 
	C153.856369,94.644699 153.208603,95.095474 153.126755,95.632484 
	C151.478363,106.449196 148.224762,116.666336 140.496979,124.714790 
	C132.723007,132.811340 123.627373,139.381760 112.539116,141.882004 
	C96.909904,145.406204 82.719795,142.121918 69.489479,132.486404 
	C55.809677,122.523514 49.601963,109.183838 48.005188,92.996033 
z"/>
<path fill="#F7CC53" opacity="1.000000" stroke="none" 
	d="
M151.855072,77.958527 
	C151.893448,78.410088 151.931824,78.861633 151.631104,79.708496 
	C147.552017,86.808784 143.502991,93.364731 140.173935,100.267891 
	C137.699005,105.399887 135.753799,110.663078 129.511810,113.013245 
	C126.368507,112.897530 123.674561,112.782593 120.989716,112.326752 
	C121.616272,110.874290 122.071709,109.625786 122.877037,108.672997 
	C128.888519,101.560638 135.017853,94.547340 140.980560,87.394882 
	C141.976898,86.199745 142.343979,84.480026 143.349091,82.967438 
	C146.415924,81.274292 149.135498,79.616409 151.855072,77.958527 
z"/>
<path fill="#F4B949" opacity="1.000000" stroke="none" 
	d="
M146.001221,110.001221 
	C145.356445,111.438240 144.711685,112.875259 143.692657,114.690109 
	C142.545944,116.045639 141.773483,117.023346 141.001038,118.001053 
	C141.001022,118.001053 141.000000,118.500069 140.655396,118.783768 
	C138.873642,120.711441 137.436523,122.355415 135.999390,123.999390 
	C135.898499,124.322502 135.711349,124.583832 134.866608,124.925987 
	C132.863129,126.378532 131.430954,127.688477 129.998779,128.998413 
	C129.998779,128.998413 129.499695,128.999619 128.886871,129.037155 
	C124.273315,130.520630 120.241928,131.887589 116.277832,133.427795 
	C105.786118,137.504196 95.197571,137.313416 84.886101,133.317459 
	C78.365967,130.790741 72.279465,127.145035 65.998474,124.001221 
	C64.697975,123.222954 63.397480,122.444695 62.049561,121.333199 
	C62.557209,120.830048 63.112282,120.660141 63.834419,120.244766 
	C73.345802,126.210197 82.578308,132.278809 94.276726,133.735062 
	C109.735352,135.659409 129.990250,129.074402 139.000946,114.996735 
	C144.356018,108.239853 147.342545,101.179169 148.924683,93.301918 
	C149.511719,90.379166 151.598419,87.757614 153.001221,84.998703 
	C153.318130,85.469086 153.635040,85.939461 153.969864,86.708321 
	C152.696869,90.411064 151.256378,93.768059 150.161026,97.234131 
	C149.237534,100.156395 148.714844,103.205330 147.662140,106.652100 
	C146.873413,108.071075 146.437317,109.036148 146.001221,110.001221 
z"/>
<path fill="#F3C14F" opacity="1.000000" stroke="none" 
	d="
M153.001129,84.625381 
	C151.598419,87.757614 149.511719,90.379166 148.924683,93.301918 
	C147.342545,101.179169 144.356018,108.239853 139.034698,114.651695 
	C136.275650,116.333862 133.551926,117.668030 130.511292,118.718681 
	C130.285446,117.268921 130.376526,116.102676 130.347992,114.626091 
	C130.139313,113.881836 130.050232,113.447929 129.961151,113.014015 
	C135.753799,110.663078 137.699005,105.399887 140.173935,100.267891 
	C143.502991,93.364731 147.552017,86.808784 151.633057,80.048584 
	C152.316406,81.412933 152.658722,82.832489 153.001129,84.625381 
z"/>
<path fill="#F4BA44" opacity="1.000000" stroke="none" 
	d="
M134.359375,54.976166 
	C134.085312,54.837479 134.042419,54.440430 133.989029,53.894913 
	C133.283157,51.907192 132.630661,50.464985 131.978165,49.022774 
	C140.705688,54.652760 147.607910,61.697266 149.726166,72.532394 
	C148.989365,72.541077 148.506424,72.269745 147.976257,71.647156 
	C146.323013,69.161591 144.716980,67.027283 143.064255,64.573784 
	C142.094467,63.151340 141.171387,62.048080 140.248322,60.944817 
	C140.214874,60.780766 140.181427,60.616718 139.972992,60.002502 
	C139.609543,59.290207 139.362625,59.106796 139.057220,59.002102 
	C138.606125,58.637352 138.155045,58.272598 137.421204,57.816803 
	C136.303452,56.855461 135.468445,55.985157 134.359375,54.976166 
z"/>
<path fill="#F8D361" opacity="1.000000" stroke="none" 
	d="
M148.023499,71.998405 
	C148.506424,72.269745 148.989365,72.541077 149.728699,72.919472 
	C150.535004,74.456070 151.084930,75.885612 151.744965,77.636841 
	C149.135498,79.616409 146.415924,81.274292 143.015244,82.966476 
	C141.889053,83.000954 141.443985,83.001122 140.999207,82.667374 
	C140.999268,81.888268 140.999023,81.443062 141.032562,80.654266 
	C143.364822,77.537788 145.663300,74.764908 147.977264,71.990761 
	C147.992752,71.989494 148.023499,71.998405 148.023499,71.998405 
z"/>
<path fill="#F7CF4E" opacity="1.000000" stroke="none" 
	d="
M131.662231,48.972031 
	C132.630661,50.464985 133.283157,51.907192 133.960785,53.697247 
	C133.201538,53.829136 132.417145,53.613178 131.396088,53.207119 
	C128.837051,51.626968 126.514702,50.236916 123.614700,48.608826 
	C122.029442,47.874451 121.021851,47.378113 120.014252,46.881775 
	C120.007278,46.162220 120.000305,45.442661 119.994156,44.363411 
	C121.052505,44.006626 122.110031,44.009537 123.618233,44.335754 
	C124.717583,45.105129 125.366249,45.551201 126.014923,45.997272 
	C127.093643,46.336758 128.172363,46.676243 129.592972,47.027916 
	C130.405350,47.667168 130.875824,48.294228 131.662231,48.972031 
z"/>
<path fill="#F6C347" opacity="1.000000" stroke="none" 
	d="
M117.943558,42.644051 
	C113.720177,41.937115 109.431747,40.866161 105.041260,39.420860 
	C109.252304,40.124352 113.565407,41.202190 117.943558,42.644051 
z"/>
<path fill="#F4BA44" opacity="1.000000" stroke="none" 
	d="
M125.968887,45.673935 
	C125.366249,45.551201 124.717583,45.105129 124.014679,44.339958 
	C124.614578,44.464111 125.268715,44.907356 125.968887,45.673935 
z"/>
<path fill="#E9A73E" opacity="1.000000" stroke="none" 
	d="
M48.002106,92.658455 
	C49.601963,109.183838 55.809677,122.523514 69.489479,132.486404 
	C82.719795,142.121918 96.909904,145.406204 112.539116,141.882004 
	C123.627373,139.381760 132.723007,132.811340 140.496979,124.714790 
	C148.224762,116.666336 151.478363,106.449196 153.126755,95.632484 
	C153.208603,95.095474 153.856369,94.644699 154.615311,94.074158 
	C154.540604,112.938828 140.603561,134.574493 121.428574,142.518311 
	C103.433922,149.973175 86.680290,148.244873 70.941002,137.797241 
	C57.674591,128.991089 49.824802,116.084557 47.057426,100.317307 
	C46.496517,97.121506 46.618710,93.805801 46.715881,90.271942 
	C47.336864,90.772629 47.667946,91.546753 48.002106,92.658455 
z"/>
<path fill="#F6C657" opacity="1.000000" stroke="none" 
	d="
M125.026047,121.087128 
	C123.781761,122.833382 122.918304,125.454391 121.233162,126.188042 
	C107.246826,132.277206 93.164284,132.999252 79.343849,125.587776 
	C77.955437,124.843201 77.100220,123.104347 76.445251,121.430260 
	C92.937309,121.051437 108.981674,121.069283 125.026047,121.087128 
z"/>
<path fill="#83561F" opacity="1.000000" stroke="none" 
	d="
M130.467590,114.936432 
	C130.376526,116.102676 130.285446,117.268921 130.133240,118.720108 
	C130.072113,119.005058 129.888092,119.181641 129.472778,119.400330 
	C123.104294,119.690163 117.150635,119.848747 111.198082,119.814667 
	C97.804962,119.738007 84.412376,119.565842 71.019577,119.432549 
	C70.657593,118.844765 70.295601,118.256989 70.237381,117.226402 
	C72.710663,116.205864 74.875519,115.147346 77.050423,115.126266 
	C94.855087,114.953674 112.661621,114.974419 130.467590,114.936432 
z"/>
<path fill="#5A300E" opacity="1.000000" stroke="none" 
	d="
M130.347992,114.626099 
	C112.661621,114.974419 94.855087,114.953674 77.050423,115.126266 
	C74.875519,115.147346 72.710663,116.205864 70.184021,116.972092 
	C69.826889,117.160591 69.433090,117.033318 69.235611,116.971634 
	C69.592491,115.798103 70.146851,114.686264 71.309883,113.289673 
	C74.951462,112.894447 77.984375,112.783966 81.472412,112.787552 
	C94.945229,112.823631 107.962921,112.745644 120.980614,112.667664 
	C123.674561,112.782593 126.368507,112.897530 129.511810,113.013245 
	C130.050232,113.447929 130.139313,113.881836 130.347992,114.626099 
z"/>
<path fill="#F9E66C" opacity="1.000000" stroke="none" 
	d="
M71.172485,119.808319 
	C84.412376,119.565842 97.804962,119.738007 111.198082,119.814667 
	C117.150635,119.848747 123.104294,119.690163 129.519196,119.519104 
	C128.603485,119.960518 127.226021,120.501869 125.437302,121.065170 
	C108.981674,121.069283 92.937309,121.051437 76.433144,121.061539 
	C74.424026,120.787682 72.874718,120.485878 71.172485,119.808319 
z"/>
<path fill="#F7CD54" opacity="1.000000" stroke="none" 
	d="
M81.017288,112.673492 
	C77.984375,112.783966 74.951462,112.894447 71.463211,113.003136 
	C68.680153,109.867966 66.056335,106.908669 64.089310,103.563194 
	C60.526730,97.504074 57.330009,91.228287 54.047501,85.007614 
	C53.523243,84.014107 53.347252,82.836830 53.007320,81.371376 
	C54.462856,81.575417 55.921329,82.152588 57.723969,83.210205 
	C58.260269,84.139847 58.354446,84.673767 58.658916,85.025795 
	C65.518921,92.957420 72.436157,100.839958 79.238953,108.820122 
	C80.122566,109.856659 80.438438,111.377159 81.017288,112.673492 
z"/>
<path fill="#F8D757" opacity="1.000000" stroke="none" 
	d="
M81.472412,112.787552 
	C80.438438,111.377159 80.122566,109.856659 79.238953,108.820122 
	C72.436157,100.839958 65.518921,92.957420 58.658916,85.025795 
	C58.354446,84.673767 58.260269,84.139847 58.034554,83.346085 
	C59.424080,83.308372 60.847191,83.615211 63.000862,83.999008 
	C68.665405,85.438126 72.841270,87.979019 76.148636,92.101913 
	C76.236031,92.197678 76.259132,92.456284 76.211304,92.857880 
	C77.348564,98.662468 81.715057,96.552467 85.053391,97.351845 
	C92.764229,104.408829 108.439804,104.799812 115.866379,98.384674 
	C116.523773,97.816818 116.684128,96.673569 117.469604,95.866051 
	C120.247765,94.957237 122.631653,93.979927 125.361526,92.966461 
	C130.804642,89.620628 135.901779,86.310959 140.998901,83.001297 
	C141.443985,83.001122 141.889053,83.000954 142.667984,83.001747 
	C142.343979,84.480026 141.976898,86.199745 140.980560,87.394882 
	C135.017853,94.547340 128.888519,101.560638 122.877037,108.672997 
	C122.071709,109.625786 121.616272,110.874290 120.989716,112.326759 
	C107.962921,112.745644 94.945229,112.823631 81.472412,112.787552 
z"/>
<path fill="#F3DB60" opacity="1.000000" stroke="none" 
	d="
M76.061234,92.006142 
	C72.841270,87.979019 68.665405,85.438126 63.366135,84.036758 
	C62.024624,81.899986 61.048397,79.802422 60.036110,77.356079 
	C61.387226,77.006149 62.774406,77.004982 64.965103,77.009911 
	C69.210022,77.372589 72.651413,77.729172 76.027412,78.488731 
	C75.995094,83.263191 76.028160,87.634666 76.061234,92.006142 
z"/>
<path fill="#FCED73" opacity="1.000000" stroke="none" 
	d="
M76.092804,78.085747 
	C72.651413,77.729172 69.210022,77.372589 65.381264,77.009338 
	C64.995377,76.252274 64.996857,75.501869 64.997345,74.376343 
	C65.168175,73.445137 65.339989,72.889046 66.171494,72.167053 
	C70.559578,72.673248 74.287964,73.345337 77.867447,74.313705 
	C77.168419,75.772881 76.618301,76.935776 76.059105,78.081284 
	C76.050026,78.063896 76.092804,78.085747 76.092804,78.085747 
z"/>
<path fill="#FEF78C" opacity="1.000000" stroke="none" 
	d="
M67.003403,67.997566 
	C67.002335,67.248322 67.001266,66.499069 67.000870,65.375214 
	C76.620689,66.267471 86.214142,68.236946 95.866730,68.590118 
	C104.360474,68.900887 112.927734,67.480812 121.447556,66.668221 
	C125.040276,66.325554 128.594574,65.580162 132.583450,65.341858 
	C133.001190,66.110657 133.001816,66.555443 132.718567,67.120575 
	C131.623138,67.827454 130.811569,68.413986 129.588043,69.009277 
	C108.369339,73.705994 87.650475,73.038559 67.003403,67.997566 
z"/>
<path fill="#FCED90" opacity="1.000000" stroke="none" 
	d="
M133.002441,67.000221 
	C133.001816,66.555443 133.001190,66.110657 133.000183,65.332260 
	C135.166031,63.675419 137.332245,62.352184 139.873383,60.986885 
	C141.171387,62.048080 142.094467,63.151340 142.881348,64.833969 
	C142.164230,65.610512 141.583313,65.807701 140.589874,66.002876 
	C137.785721,66.333984 135.394089,66.667107 133.002441,67.000221 
z"/>
<path fill="#F7CF4E" opacity="1.000000" stroke="none" 
	d="
M139.128952,59.235321 
	C139.362625,59.106796 139.609543,59.290207 139.902451,59.761475 
	C139.658554,59.931061 139.389801,59.763706 139.128952,59.235321 
z"/>
<path fill="#FFFDD9" opacity="1.000000" stroke="none" 
	d="
M119.705475,46.927044 
	C121.021851,47.378113 122.029442,47.874451 123.270546,48.640327 
	C120.081177,49.933475 116.622276,50.851086 113.241951,51.999878 
	C101.450676,56.007114 90.273064,54.267807 79.256050,48.320274 
	C81.071960,47.329746 83.111038,46.601826 85.680618,46.159760 
	C92.971352,51.257965 100.255684,52.084286 108.078224,49.492832 
	C111.174942,48.466953 114.375351,47.754070 117.528549,46.898678 
	C118.151268,46.923222 118.773987,46.947769 119.705475,46.927044 
z"/>
<path fill="#FFFDE2" opacity="1.000000" stroke="none" 
	d="
M117.283783,46.559822 
	C114.375351,47.754070 111.174942,48.466953 108.078224,49.492832 
	C100.255684,52.084286 92.971352,51.257965 86.042770,46.106331 
	C96.327469,41.466282 106.700119,42.684990 117.283783,46.559822 
z"/>
<path fill="#FDF580" opacity="1.000000" stroke="none" 
	d="
M66.893723,68.217758 
	C87.650475,73.038559 108.369339,73.705994 129.741760,69.253113 
	C130.871613,69.991722 131.435806,70.495247 131.757721,71.276108 
	C128.281937,72.394402 125.048424,73.235367 121.443100,74.057289 
	C119.125359,74.719925 117.179436,75.401619 114.817902,76.021042 
	C110.330704,75.972351 106.259102,75.990372 102.187492,75.998398 
	C97.117172,76.008400 92.046829,76.010132 86.644798,75.837891 
	C83.547516,75.112709 80.781937,74.565063 78.016357,74.017426 
	C74.287964,73.345337 70.559578,72.673248 66.417885,72.000305 
	C66.002228,71.250145 65.999870,70.500847 65.995903,69.376968 
	C66.319305,68.900635 66.582558,68.712486 66.893723,68.217758 
z"/>
<path fill="#F3B546" opacity="1.000000" stroke="none" 
	d="
M66.033615,124.348206 
	C72.279465,127.145035 78.365967,130.790741 84.886101,133.317459 
	C95.197571,137.313416 105.786118,137.504196 116.277832,133.427795 
	C120.241928,131.887589 124.273315,130.520630 128.637329,129.037659 
	C128.286240,130.018204 127.801567,131.497757 126.823128,131.984283 
	C111.379150,139.663620 95.451797,140.865677 79.514572,134.041443 
	C74.599762,131.936951 70.527054,127.865837 66.033615,124.348206 
z"/>
<path fill="#F3B546" opacity="1.000000" stroke="none" 
	d="
M136.343628,123.965729 
	C137.436523,122.355415 138.873642,120.711441 140.654785,119.033279 
	C139.561813,120.643417 138.124832,122.287750 136.343628,123.965729 
z"/>
<path fill="#F3B546" opacity="1.000000" stroke="none" 
	d="
M130.345413,128.964233 
	C131.430954,127.688477 132.863129,126.378532 134.647430,125.034149 
	C133.563721,126.309814 132.127884,127.619934 130.345413,128.964233 
z"/>
<path fill="#F3B546" opacity="1.000000" stroke="none" 
	d="
M141.341248,117.966614 
	C141.773483,117.023346 142.545944,116.045639 143.658600,115.033501 
	C143.226334,115.976776 142.453888,116.954475 141.341248,117.966614 
z"/>
<path fill="#F3B546" opacity="1.000000" stroke="none" 
	d="
M146.345612,109.947777 
	C146.437317,109.036148 146.873413,108.071075 147.653839,107.052605 
	C147.562119,107.964249 147.126053,108.929291 146.345612,109.947777 
z"/>
<path fill="#FAE17A" opacity="1.000000" stroke="none" 
	d="
M141.002380,66.004883 
	C141.583313,65.807701 142.164230,65.610512 142.928070,65.153152 
	C144.716980,67.027283 146.323013,69.161591 147.976257,71.647156 
	C148.023499,71.998405 147.992752,71.989494 147.612091,71.997444 
	C145.819870,72.337036 144.408340,72.668671 142.748978,72.720795 
	C141.001114,72.295319 139.501053,72.149353 138.000870,71.669693 
	C138.000488,70.891060 138.000244,70.446144 138.296677,69.857956 
	C139.396378,68.478088 140.199387,67.241486 141.002380,66.004883 
z"/>
<path fill="#F4D95A" opacity="1.000000" stroke="none" 
	d="
M140.999207,82.667381 
	C135.901779,86.310959 130.804642,89.620628 125.344437,92.622604 
	C125.082741,91.634941 125.184113,90.954964 125.511429,89.925140 
	C125.775658,86.035561 125.813927,82.495827 126.136597,78.970039 
	C126.610573,78.993179 126.800148,79.002380 127.000137,79.399803 
	C127.299217,83.074883 129.226776,83.222504 131.900085,82.588287 
	C134.890442,81.878853 137.962357,81.513153 140.998779,80.997864 
	C140.999023,81.443062 140.999268,81.888268 140.999207,82.667381 
z"/>
<path fill="#FAE068" opacity="1.000000" stroke="none" 
	d="
M141.032562,80.654266 
	C137.962357,81.513153 134.890442,81.878853 131.900085,82.588287 
	C129.226776,83.222504 127.299217,83.074883 127.420868,79.395935 
	C132.886398,77.002663 137.941589,75.001480 142.996796,73.000305 
	C144.408340,72.668671 145.819870,72.337036 147.596588,71.998711 
	C145.663300,74.764908 143.364822,77.537788 141.032562,80.654266 
z"/>
<path fill="#FADF58" opacity="1.000000" stroke="none" 
	d="
M117.075325,95.797554 
	C116.684128,96.673569 116.523773,97.816818 115.866379,98.384674 
	C108.439804,104.799812 92.764229,104.408829 85.213943,97.030975 
	C87.858002,95.239151 90.342804,93.328606 92.945541,93.151535 
	C100.068535,92.666969 107.241188,92.912155 114.612030,93.049751 
	C115.578369,94.086594 116.326843,94.942070 117.075325,95.797554 
z"/>
<path fill="#F5E25B" opacity="1.000000" stroke="none" 
	d="
M114.394165,92.868393 
	C107.241188,92.912155 100.068535,92.666969 92.945541,93.151535 
	C90.342804,93.328606 87.858002,95.239151 85.158844,96.679749 
	C81.715057,96.552467 77.348564,98.662468 76.521217,93.072273 
	C82.416527,96.952385 85.004730,95.843147 88.764854,87.985878 
	C97.142441,88.325462 105.075348,88.660843 113.077972,88.941673 
	C113.147690,88.887123 113.324730,88.885292 113.384048,89.222595 
	C113.760307,90.662727 114.077240,91.765564 114.394165,92.868393 
z"/>
<path fill="#926222" opacity="1.000000" stroke="none" 
	d="
M114.612030,93.049751 
	C114.077240,91.765564 113.760307,90.662727 113.732788,89.148804 
	C114.368004,87.378761 114.389450,85.799553 115.130142,84.708717 
	C116.486992,82.710419 118.268501,81.000465 119.872932,79.170280 
	C121.253357,81.192818 122.830261,83.113747 123.946732,85.272781 
	C124.721207,86.770447 124.861717,88.595955 125.285477,90.274986 
	C125.184113,90.954964 125.082741,91.634941 124.998459,92.658768 
	C122.631653,93.979927 120.247765,94.957237 117.469604,95.866051 
	C116.326843,94.942070 115.578369,94.086594 114.612030,93.049751 
M123.503082,92.385010 
	C123.503082,92.385010 123.573746,92.502777 123.503082,92.385010 
z"/>
<path fill="#81531D" opacity="1.000000" stroke="none" 
	d="
M88.320168,87.981674 
	C85.004730,95.843147 82.416527,96.952385 76.569046,92.670670 
	C76.259132,92.456284 76.236031,92.197678 76.148628,92.101913 
	C76.028160,87.634666 75.995094,83.263191 76.027412,78.488731 
	C76.092804,78.085747 76.050026,78.063896 76.433426,78.030502 
	C80.243652,74.439888 83.587143,75.813148 86.998573,78.427193 
	C87.409096,79.123093 87.735100,79.559578 88.022270,80.379105 
	C88.158226,81.507957 88.333023,82.253784 88.426811,83.407898 
	C88.337257,85.204681 88.328712,86.593178 88.320168,87.981674 
M84.904236,83.239037 
	C83.753700,82.301575 82.203690,80.334717 81.519936,80.600067 
	C78.065498,81.940643 77.282738,85.146111 78.187508,88.333519 
	C78.671799,90.039658 80.536057,91.354088 81.777565,92.845284 
	C82.855560,90.734787 84.015617,88.660179 84.963547,86.492798 
	C85.263458,85.807060 84.996620,84.873436 84.904236,83.239037 
z"/>
<path fill="#F3DB60" opacity="1.000000" stroke="none" 
	d="
M86.914055,78.167778 
	C83.587143,75.813148 80.243652,74.439888 76.442505,78.047897 
	C76.618301,76.935776 77.168419,75.772881 77.867447,74.313705 
	C80.781937,74.565063 83.547516,75.112709 86.652878,76.196793 
	C86.966461,77.211418 86.940262,77.689598 86.914055,78.167778 
z"/>
<path fill="#FCED85" opacity="1.000000" stroke="none" 
	d="
M140.589874,66.002876 
	C140.199387,67.241486 139.396378,68.478088 137.909134,69.857956 
	C135.483261,70.333748 133.741638,70.666260 132.000000,70.998779 
	C131.435806,70.495247 130.871613,69.991722 130.153717,69.244354 
	C130.811569,68.413986 131.623138,67.827454 132.718567,67.120575 
	C135.394089,66.667107 137.785721,66.333984 140.589874,66.002876 
z"/>
<path fill="#FDF574" opacity="1.000000" stroke="none" 
	d="
M86.998573,78.427193 
	C86.940262,77.689598 86.966461,77.211418 86.984589,76.374344 
	C92.046829,76.010132 97.117172,76.008400 102.187492,75.998398 
	C106.259102,75.990372 110.330704,75.972351 114.685646,76.318634 
	C114.464615,77.836464 113.960243,78.994415 112.951981,80.108002 
	C104.319099,80.041115 96.190102,80.018593 88.061104,79.996063 
	C87.735100,79.559578 87.409096,79.123093 86.998573,78.427193 
z"/>
<path fill="#714518" opacity="1.000000" stroke="none" 
	d="
M113.455872,80.152374 
	C113.960243,78.994415 114.464615,77.836464 115.101242,76.380913 
	C117.179436,75.401619 119.125359,74.719925 121.601852,74.343750 
	C123.133461,75.430420 124.134506,76.211578 125.120773,77.268326 
	C125.354736,78.014633 125.603470,78.485367 125.852203,78.956100 
	C125.813927,82.495827 125.775658,86.035561 125.511429,89.925140 
	C124.861717,88.595955 124.721207,86.770447 123.946732,85.272781 
	C122.830261,83.113747 121.253357,81.192818 119.872932,79.170280 
	C118.268501,81.000465 116.486992,82.710419 115.130142,84.708717 
	C114.389450,85.799553 114.368004,87.378761 113.673462,88.811508 
	C113.324730,88.885292 113.147690,88.887123 113.076714,88.512283 
	C112.945801,86.423553 112.885872,84.709671 112.891510,82.636429 
	C113.123344,81.568832 113.289612,80.860603 113.455872,80.152374 
z"/>
<path fill="#FCED77" opacity="1.000000" stroke="none" 
	d="
M125.135551,76.992737 
	C124.134506,76.211578 123.133461,75.430420 121.973663,74.362808 
	C125.048424,73.235367 128.281937,72.394402 131.757721,71.276108 
	C133.741638,70.666260 135.483261,70.333748 137.612442,70.001221 
	C138.000244,70.446144 138.000488,70.891060 137.797607,71.946121 
	C133.441498,74.035080 129.288528,75.513908 125.135551,76.992737 
z"/>
<path fill="#FAE66F" opacity="1.000000" stroke="none" 
	d="
M125.120773,77.268326 
	C129.288528,75.513908 133.441498,74.035080 137.797729,72.279823 
	C139.501053,72.149353 141.001114,72.295319 142.748978,72.720795 
	C137.941589,75.001480 132.886398,77.002663 127.410461,79.007706 
	C126.800148,79.002380 126.610573,78.993179 126.136597,78.970039 
	C125.603470,78.485367 125.354736,78.014633 125.120773,77.268326 
z"/>
<path fill="#FCED62" opacity="1.000000" stroke="none" 
	d="
M112.825935,82.995789 
	C112.885872,84.709671 112.945801,86.423553 113.006989,88.566833 
	C105.075348,88.660843 97.142441,88.325462 88.764854,87.985878 
	C88.328712,86.593178 88.337257,85.204681 88.818604,83.408951 
	C97.136246,82.999733 104.981094,82.997757 112.825935,82.995789 
z"/>
<path fill="#714518" opacity="1.000000" stroke="none" 
	d="
M123.538414,92.443893 
	C123.573746,92.502777 123.503082,92.385010 123.538414,92.443893 
z"/>
<path fill="#FCF069" opacity="1.000000" stroke="none" 
	d="
M112.891510,82.636429 
	C104.981094,82.997757 97.136246,82.999733 88.899612,83.000656 
	C88.333023,82.253784 88.158226,81.507957 88.022270,80.379105 
	C96.190102,80.018593 104.319099,80.041115 112.951988,80.108002 
	C113.289612,80.860603 113.123344,81.568832 112.891510,82.636429 
z"/>
<path fill="#986523" opacity="1.000000" stroke="none" 
	d="
M84.946693,83.646149 
	C84.996620,84.873436 85.263458,85.807060 84.963547,86.492798 
	C84.015617,88.660179 82.855560,90.734787 81.777565,92.845284 
	C80.536057,91.354088 78.671799,90.039658 78.187508,88.333519 
	C77.282738,85.146111 78.065498,81.940643 81.519936,80.600067 
	C82.203690,80.334717 83.753700,82.301575 84.946693,83.646149 
z"/>
</svg>